0.476
0.525
0.511
0.584
0.548
0.556
0.638
0.645
0.703
0.760
0.710
0.679
0.599
0.680
0.734
0.639
0.802
0.842
0.765
0.749
0.847
0.793
0.796
0.794
0.739
0.704
0.758
0.801
0.737
0.702
0.684
0.742
0.712
0.763
0.804
0.736
0.803
0.768
0.772
0.838
0.777
0.880
0.830
0.751
0.822
0.728
0.806
0.780
0.701
0.711
0.731
0.662
0.723
0.712
0.695
0.629
0.562
0.490
0.551
0.551
0.524
0.519
0.518
0.562
0.567
0.575
0.660
0.653
0.629
0.592
0.573
0.613
0.670
0.568
0.590
0.563
0.573
0.610
0.566
0.596
0.556
0.598
0.615
0.610
0.554
0.527
0.493
0.418
0.481
0.494
0.475
0.561
0.583
0.457
0.561
0.573
0.532
0.550
0.581
0.634
0.663
0.676
0.630
0.612
0.560
0.702
0.660
0.654
0.676
0.656
0.652
0.561
0.562
0.497
0.474
0.476
0.531
0.484
0.551
0.536
0.610
0.659
0.606
0.615
0.722
0.690
0.712
0.770
0.771
0.797
0.776
0.783
0.798
0.798
0.858
0.824
0.927
0.917
1.037
1.022
1.015
0.991
1.038
1.058
1.073
1.074
0.976
1.045
1.065
1.101
1.108
1.149
1.165
1.020
0.999
1.078
1.061
0.997
1.050
1.037
1.023
0.994
1.040
0.966
0.962
1.069
1.013
1.013
1.067
1.045
1.041
1.028
1.036
1.076
1.081
1.011
1.137
1.073
1.069
0.967
1.049
0.983
0.903
1.022
1.020
1.031
1.173
1.107
1.139
1.110
1.036
1.048
1.066
1.115
1.087
0.851
0.969
1.000
0.820
0.865
0.897
0.939
0.931
0.937
0.895
0.962
0.990
1.066
1.097
1.064
1.071
1.091
1.132
1.221
1.180
1.200
1.122
1.084
1.118
1.130
1.070
1.162
1.140
1.145
1.196
1.197
1.130
1.139
1.135
1.166
1.128
1.008
1.000
1.017
1.005
1.033
1.028
1.048
0.982
0.948
1.042
1.011
1.057
0.976
0.984
0.956
0.960
0.945
0.993
1.004
0.989
0.994
1.052
1.111
1.063
1.046
1.081
1.082
1.077
1.081
1.099
1.113
1.080
1.073
1.071
1.025
1.063
1.052
1.034
1.026
1.061
1.099
1.071
1.100
1.163
1.162
1.207
1.198
1.215
1.240
1.172
1.168
1.134
1.094
1.103
1.054
0.972
0.998
1.086
0.969
1.040
1.064
0.992
0.944
0.983
0.990
0.867
0.888
0.830
0.820
0.862
0.837
0.808
0.761
0.860
0.777
0.782
0.697
0.644
0.687
0.724
0.739
0.651
0.787
0.765
0.746
0.755
0.765
0.741
0.706
0.662
0.735
0.655
0.672
0.567
0.565
0.576
0.641
0.622
0.563
0.655
0.729
0.674
0.716
0.741
0.734
0.727
0.676
0.640
0.608
0.716
0.660
0.653
0.707
0.714
0.715
0.750
0.778
0.698
0.705
0.793
0.741
0.698
0.712
0.698
0.716
0.767
0.700
0.648
0.616
0.654
0.733
0.737
0.693
0.736
0.746
0.721
0.848
0.792
0.796
0.843
0.798
0.804
0.715
0.748
0.716
0.679
0.656
0.671
0.619
0.654
0.657
0.664
0.626
0.591
0.621
0.539
0.607
0.551
0.433
0.609
0.524
0.541
0.443
0.500
0.602
0.495
0.492
0.432
0.453
0.451
0.366
0.438
0.343
0.274
0.399
0.461
0.531
0.577
0.542
0.591
0.480
0.572
0.559
0.537
0.494
0.578
0.588
0.642
0.666
0.747
0.775
0.726
0.661
0.650
0.700
0.685
0.644
0.719
0.661
0.551
0.573
0.554
0.512
0.515
0.453
0.512
0.474
0.566
0.519
0.514
0.489
0.524
0.499
0.475
0.521
0.583
0.519
0.546
0.556
0.547
0.563
0.566
0.587
0.572
0.638
0.656
0.597
0.613
0.628
0.559
0.520
0.450
0.441
0.419
0.466
0.423
0.364
0.435
0.430
0.356
0.377
0.410
0.504
0.603
0.599
0.622
0.586
0.642
0.643
0.692
0.696
0.656
0.711
0.774
0.800
0.764
0.776
0.760
0.769
0.846
0.728
0.662
0.740
0.765
0.837
0.787
0.848
0.802
0.803
0.817
0.793
0.795
0.816
0.819
0.793
0.724
0.707
0.763
0.719
0.788
0.755
0.643
0.742
0.707
0.598
0.672
0.665
0.634
0.668
0.662
0.675
0.634
0.601
0.576
0.527
0.588
0.454
0.620
0.560
0.571
0.631
0.565
0.679
0.623
0.553
0.662
0.732
0.754
0.699
0.772
0.761
0.686
0.764
0.731
0.780
0.826
0.737
0.731
0.815
0.757
0.868
0.871
0.868
0.894
0.841
0.815
0.853
0.986
1.047
1.102
1.102
1.180
1.121
1.058
1.160
1.136
1.083
1.142
1.005
1.039
1.027
1.021
1.050
1.078
1.113
1.059
1.068
1.118
1.111
1.150
1.211
1.149
1.183
1.259
1.227
1.164
1.233
1.207
1.241
1.302
1.220
1.292
1.247
1.310
1.332
1.373
1.375
1.368
1.363
1.394
1.336
1.395
1.327
1.327
1.350
1.364
1.360
1.339
1.405
1.471
1.467
1.488
1.506
1.469
1.454
1.480
1.536
1.490
1.517
1.553
1.539
1.549
1.540
1.524
1.494
1.432
1.402
1.384
1.356
1.300
1.382
1.275
1.271
1.324
1.218
1.257
1.325
1.272
1.268
1.304
1.217
1.262
1.181
1.226
1.191
1.187
1.267
1.185
1.250
1.224
1.172
1.189
1.282
1.268
1.224
1.236
1.270
1.166
1.255
1.224
1.182
1.163
1.164
1.140
1.140
1.176
1.238
1.207
1.283
1.269
1.229
1.213
1.253
1.218
1.320
1.307
1.305
1.382
1.333
1.348
1.355
1.360
1.330
1.357
1.358
1.362
1.374
1.358
1.328
1.397
1.319
1.358
1.334
1.239
1.297
1.280
1.177
1.195
1.207
1.157
1.107
1.102
1.206
1.085
1.198
1.238
1.153
1.173
1.188
1.026
1.002
1.127
1.148
1.143
1.192
1.181
1.240
1.222
1.248
1.270
1.237
1.428
1.420
1.359
1.392
1.434
1.464
1.382
1.409
1.421
1.401
1.440
1.456
1.375
1.519
1.491
1.551
1.629
1.558
1.548
1.588
1.527
1.566
1.453
1.366
1.435
1.483
1.516
1.517
1.539
1.459
1.509
1.507
1.417
1.477
1.441
1.503
1.518
1.486
1.460
1.433
1.399
1.400
1.448
1.458
1.404
1.501
1.468
1.421
1.431
1.399
1.417
1.477
1.460
1.470
1.476
1.519
1.553
1.504
1.507
1.499
1.584
1.532
1.641
1.646
1.623
1.709
1.584
1.627
1.658
1.602
1.601
1.732
1.701
1.755
1.678
1.643
1.668
1.639
1.644
1.641
1.510
1.570
1.594
1.631
1.641
1.620
1.541
1.478
1.534
1.508
1.568
1.557
1.489
1.560
1.531
1.498
1.455
1.478
1.463
1.561
1.452
1.412
1.470
1.503
1.429
1.432
1.535
1.431
1.437
1.354
1.445
1.452
1.420
1.445
1.419
1.447
1.395
1.353
1.379
1.329
1.336
1.333
1.318
1.296
1.246
1.269
1.212
1.220
1.236
1.128
1.099
1.092
1.149
1.113
1.121
1.052
1.105
1.088
1.084
1.124
1.122
1.112
0.969
1.022
1.026
1.031
1.074
1.014
0.993
1.051
1.007
1.020
1.005
1.018
1.121
0.990
0.980
1.080
1.086
1.160
1.217
1.195
1.163
1.131
1.062
1.105
1.069
1.050
1.052
1.073
1.076
1.104
1.132
1.104
1.071
1.062
1.032
1.047
0.975
0.915
0.971
1.012
0.952
1.081
1.041
1.058
1.025
1.033
0.969
0.967
0.963
0.996
0.961
0.929
0.876
0.863
0.881
0.841
0.837
0.799
0.783
0.760
0.838
0.885
0.869
0.802
0.838
0.815
0.829
0.780
0.802
0.790
0.813
0.746
0.742
0.736
0.797
0.732
0.725
0.729
0.676
0.698
0.720
0.723
0.692
0.710
0.693
0.752
0.659
0.645
0.646
0.609
0.552
0.562
0.619
0.600
0.597
0.665
0.697
0.622
0.640
0.699
0.665
0.678
0.717
0.733
0.704
0.657
0.740
0.696
0.706
0.742
0.729
0.749
0.786
0.765
0.648
0.657
0.685
0.763
0.724
0.791
0.841
0.811
0.916
1.004
0.978
0.999
0.916
0.947
0.951
0.983
0.965
1.005
1.047
0.941
0.977
0.995
0.923
0.911
0.964
0.913
0.923
0.954
0.897
0.970
0.954
0.943
1.078
1.003
0.986
0.937
0.963
1.002
0.938
0.988
1.003
0.960
1.001
1.110
1.001
1.040
1.097
1.071
1.069
1.096
0.998
0.966
0.961
0.857
0.840
0.919
0.907
0.908
0.905
0.932
0.887
0.890
0.846
0.868
0.852
0.874
0.823
0.875
0.868
0.794
0.875
0.858
0.915
0.940
0.874
0.915
0.852
0.839
0.861
0.825
0.891
0.840
0.926
0.953
0.886
0.936
0.937
0.878
0.913
0.928
0.937
0.925
0.936
1.003
1.073
1.058
1.035
1.005
0.978
0.999
1.054
1.015
1.017
1.060
1.125
1.088
1.059
1.027
0.970
0.960
1.003
0.946
0.995
1.007
1.046
1.007
1.131
1.027
1.038
1.132
1.120
1.177
1.130
1.075
1.121
1.074
1.097
1.110
1.124
1.143
1.146
1.104
1.141
1.030
1.082
1.043
0.987
1.023
1.002
1.006
1.065
1.011
0.980
0.917
0.891
0.853
0.884
0.846
0.854
0.796
0.846
0.844
0.834
0.849
0.837
0.806
0.844
0.824
0.842
0.884
0.880
0.880
0.912
0.953
1.019
1.055
1.038
1.009
1.039
1.128
1.152
1.145
1.227
1.208
1.201
1.146
1.138
1.215
1.153
1.135
1.141
1.140
1.221
1.245
1.217
1.227
1.197
1.211
1.102
1.077
1.113
1.074
1.155
1.183
1.150
1.192
1.157
1.081
1.126
1.127
1.102
1.043
1.072
1.093
1.119
1.067
1.162
1.078
1.115
1.073
0.985
1.023
1.044
1.020
1.001
1.039
1.081
1.044
1.082
1.048
1.044
1.090
1.086
1.072
1.061
0.989
1.051
1.086
1.028
1.023
1.028
1.014
1.008
1.052
1.073
1.030
1.005
1.048
1.038
1.004
0.971
1.004
1.018
1.039
0.941
0.945
1.030
0.959
0.924
0.967
1.033
1.108
1.064
1.032
1.032
0.956
0.957
0.977
1.052
0.890
0.930
0.942
0.915
0.847
0.837
0.782
0.749
0.702
0.766
0.755
0.693
0.733
0.733
0.754
0.764
0.747
0.749
0.728
0.786
0.785
0.751
0.833
0.852
0.751
0.667
0.744
0.721
0.736
0.652
0.702
0.702
0.690
0.638
0.651
0.634
0.662
0.655
0.597
0.516
0.525
0.496
0.518
0.480
0.463
0.457
0.502
0.490
0.390
0.496
0.445
0.465
0.567
0.482
0.442
0.535
0.490
0.431
0.419
0.449
0.440
0.492
0.475
0.560
0.567
0.547
0.587
0.534
0.477
0.600
0.540
0.484
0.457
0.433
0.435
0.484
0.464
0.463
0.454
0.417
0.370
0.293
0.325
0.356
0.421
0.408
0.371
0.332
0.334
0.283
0.263
0.250
0.169
0.280
0.144
0.213
0.241
0.230
0.367
0.394
0.408
0.440
0.407
0.452
0.500
0.485
0.568
0.599
0.592
0.523
0.572
0.641
0.615
0.625
0.608
0.603
0.628
0.685
0.680
0.648
0.591
0.705
0.634
0.650
0.749
0.656
0.720
0.753
0.708
0.603
0.691
0.687
0.739
0.795
0.792
0.757
0.762
0.750
0.754
0.822
0.789
0.803
0.838
0.884
0.898
0.918
0.845
0.887
0.895
0.847
0.823
0.891
0.820
0.828
0.882
0.844
0.844
0.813
0.795
0.814
0.764
0.654
0.594
0.579
0.643
0.715
0.767
0.737
0.688
0.784
0.795
0.706
0.643
0.744
0.734
0.712
0.810
0.693
0.793
0.816
0.865
0.769
0.787
0.823
0.812
0.847
0.853
0.809
0.878
0.876
0.932
0.905
0.951
0.961
0.955
0.917
0.907
0.937
0.960
0.932
0.942
0.868
0.881
0.919
0.892
0.831
0.841
0.837
0.842
0.787
0.815
0.765
0.812
0.865
0.857
0.855
0.847
0.789
0.886
0.892
0.933
0.871
0.846
0.991
0.925
0.849
0.813
0.782
0.798
0.783
0.663
0.763
0.783
0.734
0.731
0.771
0.678
0.789
0.834
0.730
0.727
0.736
0.677
0.664
0.701
0.640
0.706
0.706
0.750
0.752
0.845
0.704
0.754
0.803
0.822
0.804
0.859
0.812
0.739
0.832
0.750
0.767
0.807
0.757
0.751
0.693
0.745
0.732
0.750
0.682
0.716
0.645
0.649
0.687
0.686
0.776
0.713
0.693
0.725
0.652
0.746
0.789
0.727
0.808
0.747
0.723
0.768
0.758
0.756
0.832
0.855
0.768
0.756
0.797
0.744
0.755
0.803
0.772
0.795
0.739
0.781
0.824
0.846
0.837
0.903
0.890
0.866
0.809
0.851
0.836
0.777
0.912
0.965
0.854
0.843
0.826
0.830
0.750
0.689
0.704
0.668
0.726
0.709
0.658
0.615
0.729
0.693
0.643
0.726
0.744
0.773
0.820
0.857
0.750
0.814
0.808
0.747
0.798
0.796
0.796
0.815
0.740
0.799
0.864
0.834
0.826
0.869
0.914
0.826
0.843
0.850
0.808
0.822
0.883
0.684
0.833
0.778
0.769
0.698
0.696
0.729
0.742
0.586
0.565
0.649
0.656
0.627
0.644
0.647
0.602
0.685
0.604
0.660
0.683
0.631
0.621
0.533
0.507
0.614
0.541
0.637
0.560
0.578
0.629
0.607
0.736
0.735
0.787
0.718
0.754
0.734
0.738
0.800
0.766
0.781
0.802
0.784
0.792
0.713
0.812
0.728
0.695
0.743
0.744
0.808
0.835
0.818
0.865
0.833
0.739
0.747
0.685
0.723
0.791
0.785
0.811
0.745
0.734
0.697
0.606
0.722
0.649
0.598
0.676
0.701
0.613
0.633
0.594
0.563
0.610
0.585
0.621
0.631
0.601
0.526
0.641
0.596
0.566
0.631
0.582
0.587
0.530
0.498
0.563
0.595
0.560
0.545
0.474
0.400
0.427
0.453
0.389
0.374
0.423
0.505
0.502
0.551
0.567
0.544
0.520
0.657
0.680
0.668
0.693
0.704
0.774
0.773
0.777
0.736
0.800
0.832
0.808
0.756
0.802
0.846
0.877
0.843
0.858
0.939
0.853
0.912
0.863
0.824
0.772
0.834
0.815
0.861
0.884
0.872
0.799
0.903
0.862
0.833
0.804
0.788
0.745
0.835
0.787
0.750
0.808
0.805
0.849
0.740
0.696
0.754
0.720
0.703
0.741
0.681
0.633
0.664
0.645
0.586
0.562
0.535
0.654
0.677
0.615
0.614
0.686
0.699
0.627
0.694
0.724
0.741
0.677
0.652
0.625
0.705
0.735
0.683
0.629
0.638
0.676
0.700
0.619
0.642
0.667
0.629
0.659
0.622
0.692
0.666
0.664
0.744
0.739
0.779
0.881
0.738
0.823
0.851
0.817
0.743
0.732
0.818
0.794
0.842
0.758
0.739
0.710
0.741
0.718
0.672
0.602
0.658
0.537
0.592
0.575
0.518
0.472
0.536
0.586
0.609
0.606
0.649
0.670
0.694
0.669
0.667
0.672
0.584
0.588
0.654
0.523
0.588
0.577
0.520
0.607
0.605
0.590
0.607
0.595
0.587
0.623
0.649
0.628
0.598
0.632
0.636
0.621
0.743
0.769
0.753
0.667
0.761
0.784
0.620
0.708
0.759
0.734
0.767
0.726
0.649
0.753
0.664
0.628
0.703
0.712
0.715
0.702
0.712
0.731
0.718
0.701
0.778
0.729
0.715
0.736
0.752
0.818
0.821
0.799
0.834
0.781
0.787
0.814
0.808
0.776
0.716
0.705
0.738
0.780
0.847
0.782
0.788
0.800
0.812
0.804
0.810
0.824
0.833
0.858
0.839
0.771
0.791
0.746
0.811
0.820
0.834
0.895
0.948
0.938
1.033
1.051
1.015
0.995
0.980
1.042
1.088
1.064
1.108
1.058
1.069
1.102
1.082
1.099
1.170
1.105
1.124
1.065
1.068
1.033
0.884
0.962
0.962
0.902
0.937
1.010
0.949
0.953
0.951
0.998
0.928
0.943
0.948
0.884
0.885
0.835
0.976
0.967
0.882
0.968
0.932
0.970
1.039
1.009
1.008
0.951
0.986
1.045
1.058
1.025
1.061
1.056
1.022
0.921
1.041
1.098
1.072
1.052
1.104
1.088
1.090
1.066
1.013
1.075
1.108
1.105
1.139
1.145
1.109
1.066
1.135
1.164
1.111
1.121
1.154
1.184
1.216
1.152
1.251
1.203
1.151
1.226
1.208
1.182
1.240
1.191
1.280
1.247
1.204
1.266
1.142
1.187
1.141
1.177
1.180
1.226
1.223
1.144
1.172
1.164
1.171
1.140
1.201
1.161
1.241
1.198
1.291
1.249
1.323
1.305
1.276
1.358
1.212
1.489
1.260
1.514
1.312
1.354
1.422
1.232
1.484
1.158
1.493
1.160
1.460
1.166
1.454
1.259
1.451
1.315
1.514
1.312
1.566
1.381
1.485
1.380
1.462
1.401
1.477
1.478
1.421
1.547
1.333
1.616
1.233
1.626
1.160
1.621
1.189
1.530
1.250
1.492
1.332
1.417
1.347
1.331
1.352
1.354
1.394
1.301
1.347
1.317
1.274
1.312
1.207
1.287
1.146
1.182
1.270
1.071
1.382
1.098
1.393
1.134
1.345
1.172
1.350
1.248
1.348
1.391
1.387
1.375
1.392
1.319
1.368
1.161
1.405
1.175
1.333
1.262
1.286
1.299
1.229
1.368
1.158
1.431
1.155
1.441
1.099
1.414
1.095
1.375
1.175
1.307
1.293
1.285
1.324
1.252
1.318
1.289
1.269
1.336
1.267
1.267
1.277
1.190
1.282
1.159
1.330
1.168
1.377
1.184
1.378
1.216
1.287
1.298
1.208
1.311
1.145
1.364
1.156
1.244
1.227
1.125
1.368
1.080
1.572
1.141
1.635
1.232
1.553
1.308
1.408
1.352
1.272
1.419
1.219
1.460
1.178
1.486
1.148
1.413
1.277
1.334
1.415
1.249
1.572
1.210
1.592
1.258
1.660
1.327
1.719
1.493
1.732
1.573
1.713
1.518
1.690
1.565
1.682
1.639
1.666
1.697
1.700
1.698
1.615
1.827
1.493
1.991
1.541
1.997
1.502
1.927
1.595
1.829
1.689
1.667
1.799
1.510
1.796
1.406
1.748
1.496
1.596
1.549
1.504
1.565
1.543
1.542
1.545
1.530
1.533
1.537
1.527
1.613
1.542
1.674
1.573
1.658
1.613
1.652
1.592
1.613
1.674
1.614
1.772
1.612
1.796
1.620
1.773
1.551
1.843
1.513
1.813
1.548
1.659
1.695
1.505
1.878
1.456
2.109
1.397
2.127
1.482
1.952
1.632
1.800
1.736
1.725
1.815
1.759
1.814
1.801
1.849
1.769
1.849
1.798
1.892
1.808
1.876
1.813
1.938
1.813
1.973
1.759
2.075
1.741
1.989
1.759
1.924
1.828
1.861
1.900
1.871
1.828
1.888
1.805
1.996
1.753
2.049
1.707
2.115
1.622
2.214
1.594
2.217
1.590
2.077
1.687
1.878
1.791
1.827
1.901
1.807
2.013
1.787
1.897
1.851
1.788
1.950
1.692
2.017
1.602
2.109
1.571
2.148
1.565
2.047
1.708
1.892
1.856
1.843
1.969
1.803
2.089
1.793
2.208
1.814
2.288
1.864
2.254
1.938
2.218
1.938
2.118
2.001
2.062
2.033
2.065
1.996
2.134
1.994
2.233
1.939
2.359
1.936
2.353
2.026
2.271
2.131
2.128
2.260
1.996
2.441
1.894
2.492
1.905
2.400
2.053
2.266
2.154
2.132
2.223
2.051
2.290
2.001
2.271
2.018
2.261
2.111
2.245
2.233
2.230
2.255
2.229
2.346
2.243
2.316
2.239
2.250
2.259
2.194
2.310
2.204
2.375
2.071
2.406
1.974
2.360
2.029
2.284
2.089
2.249
2.105
2.266
2.169
2.245
2.252
2.264
2.245
2.225
2.241
2.215
2.269
2.176
2.186
2.094
2.259
1.998
2.281
1.958
2.204
1.978
2.073
2.010
1.938
2.032
1.851
2.104
1.868
2.132
1.881
2.155
1.889
2.067
1.943
1.938
1.953
1.767
2.051
1.779
1.957
1.756
1.861
1.767
1.876
1.826
1.891
1.915
1.865
2.052
1.963
2.124
2.024
2.191
2.083
2.137
2.126
2.140
2.165
2.195
2.185
2.213
2.190
2.246
2.163
2.257
2.088
2.314
2.019
2.180
1.986
2.028
1.952
2.008
1.991
2.059
1.911
2.115
1.948
2.153
1.928
2.162
1.980
2.090
1.925
2.105
1.972
2.143
2.066
2.132
2.035
2.079
2.007
2.119
1.972
2.117
1.958
2.083
1.894
2.076
1.835
1.989
1.933
1.864
2.026
1.764
2.059
1.691
2.061
1.617
1.977
1.668
1.831
1.764
1.807
1.811
1.817
1.767
1.876
1.729
1.928
1.665
1.893
1.736
1.784
1.859
1.729
1.938
1.754
1.993
1.894
2.036
1.986
2.080
2.065
2.071
2.031
2.088
2.004
2.065
1.933
2.026
2.002
1.960
2.086
1.846
2.188
1.788
2.278
1.876
2.216
1.949
2.208
2.085
2.049
2.220
1.899
2.262
1.792
2.243
1.816
2.210
1.903
2.151
1.919
2.201
2.025
2.125
2.066
2.085
1.932
2.064
1.944
2.007
2.087
1.986
2.133
1.949
2.098
2.010
1.924
2.105
1.883
2.065
1.908
2.003
1.903
2.003
1.861
1.996
1.784
2.020
1.675
2.020
1.622
1.989
1.674
1.912
1.782
1.882
1.866
1.841
1.873
1.832
1.932
1.861
1.845
1.812
1.882
1.752
1.901
1.818
1.910
1.768
2.010
1.732
2.027
1.739
1.969
1.722
1.873
1.770
1.771
1.836
1.691
1.856
1.715
1.928
1.767
1.909
1.808
1.843
1.911
1.753
1.926
1.667
1.866
1.714
1.818
1.738
1.830
1.787
1.862
1.741
1.830
1.723
1.806
1.735
1.814
1.637
1.904
1.622
1.761
1.648
1.678
1.698
1.676
1.680
1.666
1.671
1.646
1.737
1.635
1.781
1.599
1.722
1.572
1.725
1.524
1.714
1.547
1.687
1.587
1.673
1.673
1.631
1.697
1.551
1.725
1.511
1.735
1.478
1.763
1.491
1.730
1.484
1.632
1.497
1.640
1.510
1.573
1.632
1.481
1.746
1.436
1.738
1.421
1.645
1.471
1.573
1.475
1.540
1.547
1.534
1.583
1.544
1.625
1.508
1.525
1.479
1.462
1.442
1.419
1.445
1.361
1.434
1.223
1.397
1.156
1.380
1.113
1.412
1.070
1.327
1.094
1.267
1.128
1.181
1.215
1.116
1.278
1.076
1.246
1.132
1.220
1.156
1.177
1.202
1.112
1.273
1.019
1.303
0.966
1.302
1.028
1.274
1.115
1.179
1.194
0.947
1.262
0.772
1.271
0.747
1.133
0.844
1.015
0.926
0.934
0.950
0.920
0.961
0.863
1.075
0.724
1.204
0.699
1.223
0.744
1.165
0.778
1.156
0.884
1.136
0.961
1.085
1.041
1.061
1.023
1.038
0.957
1.038
0.858
0.962
0.885
0.903
0.982
0.830
1.047
0.884
1.044
0.911
1.034
1.000
0.976
1.135
0.974
1.196
1.016
1.106
1.021
1.052
1.073
1.115
1.058
1.072
1.073
1.101
1.123
1.164
1.108
1.270
1.073
1.345
1.169
1.334
1.233
1.266
1.321
1.205
1.254
1.187
1.283
1.048
1.291
0.989
1.294
1.008
1.233
1.048
1.182
1.108
1.089
1.131
1.078
1.064
1.092
1.019
1.121
0.993
1.049
1.079
1.068
1.176
1.075
1.253
1.161
1.245
1.262
1.144
1.277
1.018
1.230
0.962
1.172
0.993
1.193
1.087
1.199
1.081
1.209
1.139
1.160
1.227
1.147
1.282
1.031
1.354
0.948
1.421
1.003
1.404
1.087
1.285
1.233
1.241
1.341
1.158
1.404
1.177
1.421
1.267
1.372
1.375
1.292
1.366
1.196
1.446
1.096
1.416
1.125
1.367
1.167
1.215
1.259
1.061
1.336
1.032
1.392
1.117
1.403
1.058
1.288
1.165
1.158
1.238
1.103
1.249
1.076
1.199
1.089
1.116
1.192
0.962
1.258
0.955
1.270
0.904
1.251
0.836
1.143
0.797
0.994
0.810
0.854
0.758
0.811
0.736
0.791
0.701
0.857
0.719
0.840
0.775
0.755
0.848
0.766
0.832
0.801
0.783
0.813
0.653
0.812
0.685
0.782
0.761
0.803
0.723
0.733
0.645
0.655
0.656
0.631
0.750
0.625
0.785
0.653
0.776
0.683
0.748
0.743
0.666
0.734
0.663
0.639
0.715
0.567
0.751
0.577
0.748
0.568
0.724
0.468
0.639
0.565
0.507
0.608
0.446
0.567
0.430
0.534
0.440
0.526
0.367
0.540
0.410
0.491
0.425
0.420
0.508
0.305
0.543
0.208
0.460
0.259
0.296
0.365
0.138
0.468
0.032
0.577
-0.020
0.511
0.091
0.455
-0.860
0.474
-2.017
1.966
0.087
2.018
-1.987
1.993
-1.968
2.063
-2.011
1.960
0.038
1.199
0.086
0.714
0.984
0.320
2.134
-1.967
1.976
-1.946
1.924
-0.052
1.195
0.032
0.715
-0.450
0.479
-2.004
2.073
-1.915
1.973
0.064
1.256
-0.122
0.770
0.006
0.344
-0.039
0.083
0.415
-0.130
-1.365
0.162
-2.034
-0.068
-0.016
-0.912
-0.026
1.311
2.684
-1.986
-1.976
-2.523
-4.230
1.974
0.014
-0.024
0.031
-1.057
2.006
1.929
1.951
-0.032
1.997
-1.931
1.970
1.905
0.893
0.028
0.794
-0.858
0.664
-2.065
2.051
-2.006
2.057
-1.921
2.084
-2.045
1.979
0.096
1.212
0.026
0.706
0.296
0.347
2.293
-1.976
2.021
-2.094
2.046
-2.045
2.009
-1.949
1.998
-1.972
2.059
-1.976
2.042
-1.997
1.991
0.033
1.270
-0.036
0.741
0.453
0.386
-2.067
2.072
-1.989
1.965
0.056
1.183
0.008
0.616
0.439
0.201
2.002
-2.077
2.060
-1.979
1.903
-0.005
1.100
0.094
0.572
-2.005
1.957
-2.106
2.051
0.071
1.299
-0.034
0.864
0.220
0.461
-1.237
0.502
-2.076
1.933
0.061
1.986
0.003
1.865
0.416
1.500
1.974
0.961
2.794
-2.047
1.942
-1.873
1.994
0.037
1.249
-0.030
0.761
0.369
0.407
-1.886
1.960
-1.963
1.887
-1.870
2.035
0.037
1.404
-0.017
0.898
0.584
0.444
-2.119
1.938
-1.958
2.023
0.071
1.268
-0.039
0.762
0.231
0.448
-0.974
0.413
-1.902
1.977
-1.953
2.022
-2.018
1.987
0.003
1.213
0.124
0.596
1.903
-0.026
1.956
-1.975
1.964
1.985
0.954
0.069
0.866
-0.779
0.881
-2.064
1.930
-0.066
1.752
0.038
1.485
-0.408
1.229
-2.063
2.047
0.090
1.635
0.022
1.303
0.446
0.885
2.023
0.440
2.025
0.360
1.913
0.505
1.642
0.802
1.346
1.082
1.189
1.265
1.123
1.335
1.018
1.451
0.914
1.478
0.890
1.479
1.035
1.383
1.219
1.271
1.227
1.307
1.305
1.268
1.348
1.368
1.337
1.489
1.403
1.531
1.425
1.509
1.473
1.488
1.522
1.507
1.525
1.532
1.629
1.574
1.702
1.600
1.770
1.617
1.729
1.652
1.720
1.766
1.729
1.891
1.716
1.896
1.674
1.905
1.655
1.877
1.582
1.834
1.530
1.789
1.499
1.768
1.542
1.781
1.605
1.715
1.698
1.576
1.805
1.525
1.803
1.570
1.687
1.620
1.616
1.708
1.569
1.675
1.556
1.533
1.539
1.462
1.557
1.411
1.530
1.382
1.647
1.448
1.638
1.480
1.610
1.499
1.615
1.482
1.649
1.511
1.678
1.490
1.671
1.458
1.700
1.440
1.696
1.448
1.542
1.471
1.414
1.522
1.420
1.545
1.413
1.590
1.380
1.579
1.365
1.472
1.354
1.481
1.412
1.486
1.465
1.441
1.551
1.427
1.581
1.395
1.657
1.314
1.660
1.353
1.645
1.354
1.600
1.448
1.536
1.412
1.500
1.364
1.467
1.389
1.418
1.446
1.312
1.484
1.352
1.476
1.373
1.511
1.509
1.478
1.601
1.481
1.652
1.471
1.607
1.489
1.588
1.533
1.548
1.623
1.574
1.617
1.694
1.651
1.700
1.595
1.768
1.562
1.761
1.487
1.752
1.472
1.798
1.542
1.775
1.563
1.714
1.554
1.588
1.606
1.478
1.551
1.512
1.456
1.590
1.360
1.653
1.277
1.717
1.193
1.700
1.229
1.684
1.257
1.570
1.324
1.512
1.428
1.448
1.452
1.445
1.514
1.410
1.521
1.436
1.543
1.457
1.611
1.527
1.659
1.569
1.712
1.654
1.723
1.684
1.702
1.753
1.732
1.788
1.775
1.819
1.818
1.825
1.763
1.896
1.722
1.988
1.771
2.068
1.854
2.048
1.934
2.117
1.938
2.101
1.980
2.087
2.041
2.101
2.071
2.101
2.024
2.032
2.021
2.088
2.042
2.069
1.927
2.097
1.926
2.083
1.876
2.092
1.905
2.183
1.920
2.154
1.902
2.146
1.935
2.141
1.986
2.170
2.026
2.154
2.033
2.117
2.034
2.083
2.060
2.043
2.097
2.006
2.005
1.978
1.997
1.859
2.058
1.861
2.113
1.882
2.064
1.924
2.088
1.925
1.924
2.028
1.858
2.083
1.796
2.136
1.781
2.191
1.805
2.101
1.760
1.984
1.759
1.914
1.853
1.916
1.937
1.938
1.953
2.005
1.921
1.975
1.995
1.909
2.015
1.849
2.096
1.801
2.036
1.774
2.080
1.829
2.076
1.889
1.970
1.841
1.926
1.922
1.895
1.942
1.917
1.932
1.898
1.940
1.925
1.899
1.912
1.845
1.834
1.897
1.780
2.043
1.780
2.108
1.750
2.090
1.779
2.084
1.781
2.017
1.828
1.901
1.854
1.845
1.903
1.785
1.866
1.867
1.879
1.899
1.855
1.942
1.871
1.935
1.982
1.869
2.077
1.759
2.044
1.744
1.989
1.720
1.970
1.733
2.015
1.879
2.055
2.040
2.023
2.140
2.077
2.216
2.088
2.256
2.126
2.249
2.151
2.222
2.197
2.288
2.226
2.256
2.324
2.267
2.410
2.172
2.464
2.163
2.486
2.182
2.516
2.221
2.515
2.249
2.531
2.307
2.518
2.306
2.504
2.349
2.600
2.434
2.650
2.397
2.704
2.459
2.631
2.483
2.521
2.472
2.484
2.479
2.416
2.490
2.417
2.484
2.533
2.490
2.633
2.438
2.583
2.417
2.680
2.397
2.630
2.366
2.540
2.462
2.473
2.538
2.493
2.626
2.483
2.591
2.505
2.516
2.516
2.458
2.515
2.306
2.452
2.260
2.388
2.205
2.315
2.115
2.255
2.083
2.279
2.149
2.317
2.084
2.355
1.992
2.329
2.063
2.240
2.167
2.119
2.263
2.020
2.271
1.924
2.268
1.906
2.240
1.973
2.149
2.051
2.065
2.096
1.987
2.051
1.987
2.130
2.018
2.185
2.017
2.180
2.017
2.236
2.068
2.235
2.156
2.173
2.233
2.134
2.268
2.113
2.221
2.123
2.113
2.171
1.994
2.182
1.917
2.121
1.938
2.121
1.940
2.158
2.016
2.120
2.128
2.087
2.175
2.061
2.161
2.129
2.145
2.174
2.175
2.206
2.285
2.163
2.292
2.047
2.238
2.050
2.171
2.105
2.115
2.132
2.049
2.102
2.100
2.092
2.118
1.985
2.206
1.924
2.226
1.947
2.182
1.906
2.178
1.946
2.191
1.934
2.076
1.968
2.029
2.000
1.929
2.016
1.886
1.957
1.882
1.867
1.960
1.934
1.950
1.972
2.006
1.923
2.074
1.881
2.241
1.844
2.267
1.900
2.186
1.984
2.072
2.033
2.012
2.101
2.062
2.125
2.103
2.149
2.106
2.149
2.071
2.171
2.120
2.132
2.295
2.119
2.361
2.118
2.377
2.139
2.365
2.211
2.286
2.269
2.232
2.289
2.251
2.206
2.261
2.143
2.192
2.186
2.181
2.301
2.211
2.327
2.288
2.329
2.360
2.358
2.338
2.313
2.331
2.285
2.328
2.249
2.374
2.253
2.417
2.316
2.417
2.318
2.421
2.319
2.508
2.229
2.539
2.204
2.463
2.309
2.364
2.381
2.281
2.364
2.303
2.378
2.332
2.396
2.297
2.418
2.267
2.411
2.204
2.349
2.241
2.230
2.298
2.122
2.335
1.974
2.345
1.924
2.361
2.029
2.288
2.179
2.199
2.259
2.177
2.198
2.189
2.120
2.207
2.077
2.245
2.028
2.247
2.010
2.275
2.052
2.233
2.124
2.281
2.165
2.314
2.119
2.248
2.053
2.253
1.935
2.240
1.931
2.124
1.988
2.022
1.992
2.081
2.004
2.035
2.064
1.993
2.121
1.996
2.139
1.939
2.204
1.985
2.177
1.967
2.132
1.999
2.042
2.101
2.012
2.173
2.046
2.151
2.059
2.149
2.085
2.028
2.180
1.948
2.231
1.910
2.191
1.930
2.113
1.956
2.046
1.987
2.054
2.032
2.145
2.116
2.233
2.201
2.223
2.233
2.141
2.245
2.153
2.233
2.107
2.269
2.036
2.279
1.969
2.346
1.947
2.393
1.945
2.326
2.096
2.227
2.169
2.073
2.208
2.091
2.162
2.123
2.144
2.137
2.106
2.197
2.028
2.193
2.078
2.077
2.131
2.010
2.182
1.968
2.230
1.939
2.277
1.931
2.214
2.032
2.070
2.167
1.940
2.258
1.854
2.294
1.933
2.302
1.976
2.221
2.028
2.166
2.147
2.167
2.211
2.190
2.138
2.155
2.075
2.130
2.041
2.196
2.041
2.205
2.188
2.134
2.311
2.060
2.417
2.028
2.409
2.137
2.340
2.251
2.263
2.280
2.189
2.248
2.173
2.175
2.196
2.080
2.219
2.002
2.176
2.042
2.234
2.032
2.234
2.005
2.212
2.032
2.185
2.053
2.170
2.152
2.139
2.210
2.116
2.176
2.229
2.153
2.310
2.104
2.430
2.063
2.525
2.100
2.467
2.018
2.555
2.042
2.557
2.129
2.482
2.220
2.440
2.234
2.443
2.250
2.481
2.221
2.562
2.222
2.589
2.228
2.522
2.341
2.409
2.462
2.265
2.582
2.235
2.648
2.198
2.664
2.221
2.559
2.321
2.486
2.518
2.310
2.728
2.179
2.831
2.272
2.757
2.408
2.703
2.601
2.595
2.780
2.501
2.922
2.405
2.910
2.400
2.867
2.448
2.839
2.445
2.855
2.544
2.857
2.675
2.693
2.757
2.619
2.771
2.615
2.675
2.687
2.533
2.670
2.459
2.716
2.526
2.713
2.600
2.688
2.603
2.777
2.602
2.770
2.691
2.641
2.804
2.588
2.824
2.734
2.740
2.893
2.688
2.981
2.632
3.048
2.664
3.009
2.765
2.966
2.743
2.864
2.707
2.784
2.825
2.747
2.938
2.680
3.023
2.612
3.084
2.638
2.947
2.664
2.834
2.672
2.653
2.764
2.647
2.820
2.626
2.811
2.595
2.798
2.531
2.842
2.520
2.823
2.615
2.709
2.747
2.565
2.906
2.493
3.013
2.405
3.099
2.415
3.048
2.516
2.819
2.663
2.673
2.793
2.629
2.861
2.557
2.919
2.540
2.934
2.553
2.917
2.633
2.781
2.741
2.612
2.799
2.557
2.816
2.546
2.754
2.595
2.643
2.597
2.573
2.624
2.496
2.604
2.493
2.627
2.442
2.559
2.407
2.556
2.505
2.475
2.615
2.397
2.775
2.408
2.797
2.488
2.737
2.631
2.698
2.685
2.687
2.734
2.572
2.700
2.461
2.686
2.476
2.631
2.542
2.604
2.635
2.560
2.564
2.630
2.605
2.678
2.629
2.670
2.684
2.625
2.705
2.612
2.682
2.694
2.629
2.763
2.637
2.804
2.607
2.827
2.587
2.873
2.623
2.857
2.635
2.868
2.696
2.837
2.841
2.730
2.871
2.773
2.836
2.799
2.751
2.849
2.787
2.894
2.780
2.921
2.761
2.882
2.817
2.819
2.918
2.814
2.958
2.800
3.011
2.849
2.960
2.876
2.934
2.872
3.047
2.846
3.103
2.838
3.084
2.793
3.074
2.841
3.015
2.955
2.995
3.026
2.993
3.005
2.996
2.982
2.947
2.988
2.902
2.954
2.938
2.882
2.996
2.806
2.926
2.818
2.838
2.847
2.840
2.821
2.821
2.829
2.777
2.867
2.697
2.937
2.737
2.863
2.799
2.825
2.747
2.808
2.632
2.785
2.523
2.823
2.534
2.820
2.524
2.773
2.610
2.714
2.767
2.570
2.841
2.396
2.858
2.354
2.840
2.426
2.774
2.613
2.724
2.726
2.625
2.862
2.621
2.946
2.638
2.934
2.662
2.907
2.617
2.882
2.700
2.867
2.744
2.806
2.745
2.787
2.667
2.814
2.602
2.796
2.602
2.706
2.679
2.602
2.744
2.456
2.775
2.418
2.761
2.454
2.687
2.527
2.613
2.675
2.546
2.746
2.481
2.820
2.526
2.761
2.631
2.634
2.733
2.568
2.759
2.480
2.750
2.516
2.735
2.570
2.696
2.699
2.608
2.925
2.546
3.072
2.476
3.111
2.454
3.029
2.508
2.914
2.620
2.788
2.629
2.721
2.688
2.576
2.804
2.506
2.766
2.615
2.711
2.782
2.651
2.841
2.663
2.859
2.659
2.780
2.640
2.702
2.634
2.622
2.719
2.598
2.773
2.585
2.804
2.535
2.836
2.558
2.823
2.587
2.736
2.683
2.714
2.794
2.640
2.861
2.643
2.961
2.624
2.988
2.705
2.917
2.806
2.880
2.908
2.887
2.901
2.915
2.949
2.860
3.016
2.869
3.013
2.992
2.972
3.071
3.008
3.079
2.960
3.005
2.911
2.980
2.910
2.910
2.894
2.797
3.018
2.829
2.961
2.906
2.905
3.020
2.823
3.068
2.824
3.069
2.819
3.093
2.762
3.085
2.673
3.101
2.791
3.037
2.802
2.998
2.821
2.988
2.862
2.889
2.915
2.768
2.899
2.668
2.902
2.621
2.874
2.568
2.886
2.540
2.841
2.507
2.844
2.505
2.792
2.572
2.766
2.666
2.674
2.844
2.525
2.954
2.383
3.079
2.299
3.072
2.314
2.947
2.448
2.750
2.604
2.661
2.752
2.595
2.839
2.637
2.842
2.698
2.865
2.757
2.775
2.833
2.818
2.888
2.846
2.798
2.838
2.811
2.916
2.770
2.948
2.791
2.867
2.929
2.890
2.964
2.868
3.054
2.829
3.095
2.896
3.096
3.006
3.030
3.071
3.057
3.132
3.056
3.090
3.217
3.033
3.226
2.992
3.245
3.001
3.247
3.036
3.228
3.114
3.241
3.228
3.222
3.408
3.206
3.496
3.125
3.546
3.197
3.511
3.387
3.434
3.510
3.371
3.488
3.299
3.604
3.269
3.704
3.269
3.622
3.253
3.542
3.257
3.548
3.301
3.578
3.295
3.532
3.425
3.365
3.553
3.211
3.572
3.190
3.598
3.124
3.550
3.137
3.418
3.288
3.337
3.375
3.300
3.448
3.233
3.380
3.374
3.253
3.473
3.121
3.549
3.037
3.556
2.994
3.564
3.019
3.577
3.115
3.522
3.204
3.393
3.287
3.312
3.415
3.176
3.514
3.217
3.419
3.288
3.306
3.366
3.271
3.510
3.206
3.560
3.250
3.510
3.387
3.402
3.485
3.393
3.533
3.460
3.576
3.510
3.479
3.422
3.529
3.403
3.541
3.443
3.489
3.401
3.535
3.342
3.596
3.274
3.639
3.243
3.629
3.267
3.659
3.355
3.687
3.495
3.622
3.615
3.499
3.688
3.409
3.750
3.392
3.739
3.503
3.625
3.540
3.557
3.541
3.443
3.553
3.426
3.514
3.450
3.497
3.455
3.544
3.428
3.588
3.437
3.581
3.467
3.526
3.589
3.358
3.676
3.317
3.736
3.397
3.711
3.464
3.680
3.491
3.634
3.488
3.627
3.551
3.691
3.581
3.692
3.639
3.695
3.719
3.632
3.773
3.557
3.923
3.526
3.925
3.554
3.753
3.611
3.634
3.686
3.588
3.701
3.602
3.716
3.572
3.683
3.623
3.635
3.634
3.618
3.635
3.582
3.713
3.552
3.786
3.439
3.803
3.373
3.848
3.392
3.762
3.574
3.603
3.718
3.494
3.820
3.440
3.867
3.455
3.791
3.480
3.705
3.544
3.536
3.620
3.336
3.777
3.259
3.864
3.291
3.826
3.336
3.719
3.342
3.784
3.371
3.704
3.430
3.605
3.527
3.458
3.656
3.446
3.655
3.500
3.665
3.556
3.573
3.581
3.424
3.670
3.318
3.633
3.372
3.625
3.487
3.531
3.538
3.439
3.589
3.455
3.575
3.505
3.559
3.511
3.551
3.505
3.504
3.511
3.400
3.478
3.337
3.472
3.409
3.449
3.477
3.445
3.516
3.437
3.487
3.354
3.514
3.289
3.476
3.317
3.478
3.404
3.457
3.433
3.466
3.468
3.423
3.476
3.472
3.548
3.440
3.441
3.486
3.425
3.574
3.463
3.628
3.494
3.603
3.457
3.576
3.402
3.560
3.372
3.552
3.405
3.504
3.504
3.496
3.580
3.503
3.582
3.538
3.587
3.602
3.536
3.574
3.586
3.577
3.615
3.617
3.610
3.601
3.631
3.471
3.618
3.482
3.712
3.507
3.765
3.634
3.641
3.723
3.553
3.795
3.472
3.770
3.457
3.757
3.509
3.826
3.503
3.812
3.591
3.638
3.714
3.545
3.788
3.555
3.765
3.566
3.760
3.591
3.774
3.558
3.801
3.706
3.728
3.888
3.595
4.013
3.467
4.036
3.501
3.982
3.553
3.842
3.740
3.679
3.882
3.509
3.985
3.486
4.074
3.502
4.041
3.615
3.982
3.790
3.816
4.018
3.709
4.159
3.591
4.207
3.605
4.171
3.739
4.041
3.901
3.901
3.985
3.804
4.038
3.777
4.073
3.681
4.114
3.692
4.075
3.783
4.040
3.856
3.930
3.864
3.963
3.860
3.982
3.884
3.937
4.018
3.824
4.074
3.798
4.063
3.837
3.980
3.862
3.904
3.870
3.816
3.918
3.775
3.994
3.699
3.981
3.739
3.890
3.811
3.782
3.827
3.776
3.792
3.844
3.694
3.884
3.595
3.866
3.588
3.796
3.584
3.805
3.643
3.826
3.743
3.947
3.856
3.902
4.006
3.837
4.017
3.793
4.051
3.805
4.031
3.856
3.972
3.959
3.895
4.116
3.831
4.139
3.817
4.132
3.784
4.227
3.821
4.227
3.942
4.168
4.024
4.071
4.108
4.030
4.096
4.056
4.013
4.023
4.003
4.056
3.882
4.100
3.803
4.075
3.834
4.105
3.888
4.050
4.050
3.924
4.103
3.962
4.098
4.015
4.088
4.113
4.069
4.213
3.955
4.307
3.939
4.307
3.955
4.338
4.005
4.342
4.039
4.263
4.153
4.201
4.271
4.196
4.221
4.204
4.210
4.193
4.137
4.271
4.022
4.299
3.977
4.328
3.952
4.286
3.947
4.157
3.958
4.113
4.005
4.071
4.052
3.937
4.069
3.834
3.969
3.847
3.908
3.888
3.820
3.922
3.739
3.925
3.782
3.897
3.866
3.860
3.893
3.885
3.890
3.925
3.893
3.860
4.005
3.785
4.099
3.782
4.061
3.831
4.054
3.854
4.099
3.868
4.177
3.912
4.139
3.948
4.144
3.987
4.130
4.116
4.105
4.282
4.136
4.279
4.112
4.295
4.133
4.252
4.172
4.146
4.161
4.141
4.204
4.118
4.183
4.128
4.142
4.282
4.059
4.379
3.968
4.476
3.996
4.420
4.086
4.328
4.222
4.306
4.304
4.310
4.279
4.301
4.281
4.329
4.226
4.366
4.272
4.245
4.278
4.163
4.286
4.159
4.263
4.194
4.224
4.155
4.254
4.145
4.269
4.141
4.182
4.200
4.106
4.200
4.057
4.233
4.058
4.292
4.058
4.261
4.074
4.218
4.055
4.140
4.193
4.041
4.254
4.101
4.285
4.242
4.267
4.421
4.301
4.450
4.386
4.345
4.474
4.261
4.494
4.214
4.505
4.109
4.465
4.099
4.425
4.230
4.367
4.334
4.341
4.398
4.208
4.395
4.151
4.348
4.171
4.289
4.192
4.372
4.078
4.403
4.059
4.525
4.051
4.526
4.124
4.575
4.156
4.653
4.279
4.597
4.349
4.524
4.515
4.448
4.671
4.413
4.757
4.385
4.732
4.410
4.683
4.513
4.524
4.569
4.353
4.602
4.339
4.605
4.293
4.642
4.216
4.590
4.291
4.557
4.318
4.460
4.417
4.307
4.611
4.224
4.674
4.203
4.711
4.298
4.688
4.383
4.649
4.378
4.585
4.444
4.502
4.533
4.389
4.568
4.387
4.582
4.462
4.577
4.495
4.623
4.555
4.678
4.594
4.734
4.552
4.764
4.543
4.763
4.586
4.788
4.614
4.780
4.599
4.786
4.583
4.849
4.581
4.865
4.620
4.855
4.644
4.795
4.765
4.756
4.842
4.710
4.869
4.755
4.817
4.800
4.817
4.805
4.860
4.787
4.877
4.897
4.816
5.014
4.801
5.073
4.796
5.116
4.788
5.153
4.813
5.146
4.803
5.168
4.762
5.170
4.823
5.166
4.851
5.180
4.919
5.099
5.076
4.998
5.077
4.921
5.149
4.978
5.087
5.052
4.975
5.064
4.932
5.125
5.032
5.197
5.155
5.186
5.173
5.217
5.217
5.254
5.291
5.278
5.267
5.378
5.207
5.406
5.131
5.427
5.120
5.273
5.227
5.163
5.294
5.040
5.331
4.947
5.304
4.980
5.349
5.010
5.338
5.066
5.191
5.252
5.057
5.357
5.001
5.341
5.012
5.204
5.058
5.018
5.134
4.931
5.208
4.905
5.202
4.950
5.085
4.963
4.970
4.949
5.017
4.911
5.128
4.793
5.121
4.785
5.140
4.803
5.087
4.832
5.075
4.846
5.024
4.951
4.948
5.038
4.858
5.184
4.834
5.199
4.878
5.078
4.883
5.008
4.970
4.857
5.060
4.802
5.078
4.804
5.077
4.887
5.067
4.954
5.056
5.023
5.022
4.996
5.031
4.926
5.050
4.819
5.089
4.793
5.044
4.807
4.945
4.879
4.866
4.913
4.793
4.937
4.750
4.928
4.770
4.945
4.754
4.892
4.760
4.865
4.746
4.830
4.750
4.762
4.777
4.710
4.768
4.764
4.729
4.896
4.752
4.872
4.657
4.945
4.689
4.921
4.766
4.960
4.790
4.922
4.873
4.962
4.880
5.027
4.890
4.994
4.924
4.986
5.044
5.038
5.088
5.048
5.067
5.117
5.067
5.132
5.168
5.157
5.171
5.163
5.264
5.139
5.385
5.089
5.381
5.134
5.276
5.281
5.139
5.361
5.117
5.389
5.108
5.379
5.099
5.285
5.073
5.280
5.113
5.166
5.184
5.172
5.221
5.154
5.330
5.125
5.387
5.151
5.318
5.090
5.385
5.143
5.337
5.235
5.246
5.335
5.106
5.314
5.057
5.370
5.119
5.302
5.214
5.163
5.277
5.076
5.274
5.093
5.256
5.030
5.332
5.003
5.304
5.117
5.234
5.231
5.177
5.270
5.163
5.248
5.219
5.190
5.285
5.165
5.159
5.198
5.105
5.209
5.086
5.198
5.048
5.190
5.055
5.147
4.942
5.181
4.829
5.204
4.726
5.277
4.718
5.329
4.829
5.236
4.921
4.998
5.188
4.817
5.325
4.734
5.381
4.724
5.335
4.826
5.187
4.989
4.973
5.173
4.919
5.209
4.894
5.203
4.928
5.120
4.934
5.021
4.996
4.973
5.064
4.916
5.105
4.923
5.115
4.900
5.156
4.894
5.222
4.939
5.265
5.050
5.186
5.140
5.055
5.198
4.950
5.275
4.971
5.264
4.923
5.318
4.959
5.266
5.029
5.109
5.147
5.013
5.228
4.966
5.240
4.943
5.218
4.962
5.247
5.077
5.187
5.140
5.092
5.247
5.120
5.225
5.128
5.262
5.114
5.224
5.146
5.180
5.134
5.265
5.169
5.266
5.190
5.319
5.260
5.343
5.244
5.391
5.289
5.446
5.273
5.459
5.255
5.412
5.245
5.293
5.286
5.179
5.374
5.124
5.412
5.020
5.490
4.997
5.453
5.063
5.263
5.285
5.168
5.473
5.068
5.525
4.984
5.545
4.946
5.602
5.016
5.483
5.064
5.373
5.183
5.239
5.368
5.102
5.468
5.116
5.435
5.105
5.511
5.095
5.517
5.218
5.396
5.390
5.392
5.530
5.345
5.672
5.316
5.733
5.382
5.616
5.473
5.435
5.646
5.297
5.725
5.264
5.841
5.275
5.841
5.400
5.730
5.545
5.545
5.653
5.444
5.701
5.424
5.604
5.469
5.483
5.512
5.410
5.581
5.390
5.620
5.414
5.581
5.359
5.595
5.373
5.647
5.357
5.596
5.422
5.575
5.432
5.532
5.443
5.511
5.370
5.617
5.382
5.608
5.519
5.549
5.585
5.450
5.711
5.372
5.824
5.361
5.808
5.380
5.777
5.441
5.644
5.506
5.568
5.561
5.460
5.546
5.483
5.464
5.481
5.425
5.496
5.359
5.566
5.450
5.555
5.507
5.631
5.418
5.713
5.365
5.831
5.332
5.798
5.401
5.814
5.488
5.785
5.596
5.776
5.666
5.718
5.760
5.570
5.904
5.439
6.028
5.391
6.065
5.478
5.959
5.630
5.700
5.799
5.569
5.920
5.437
5.929
5.405
5.918
5.504
5.811
5.550
5.663
5.664
5.528
5.812
5.513
5.871
5.480
5.805
5.563
5.818
5.571
5.834
5.646
5.806
5.599
5.781
5.664
5.775
5.699
5.754
5.681
5.761
5.573
5.777
5.477
5.837
5.446
5.882
5.374
5.890
5.382
5.860
5.482
5.794
5.566
5.740
5.616
5.607
5.624
5.524
5.756
5.392
5.854
5.304
5.891
5.290
5.849
5.355
5.681
5.545
5.553
5.659
5.452
5.706
5.422
5.793
5.450
5.826
5.487
5.766
5.532
5.675
5.595
5.612
5.655
5.562
5.699
5.562
5.694
5.597
5.674
5.657
5.621
5.625
5.654
5.568
5.577
5.649
5.394
5.648
5.283
5.666
5.342
5.566
5.461
5.462
5.583
5.325
5.619
5.400
5.627
5.468
5.534
5.647
5.492
5.638
5.474
5.528
5.529
5.474
5.582
5.473
5.546
5.481
5.518
5.570
5.456
5.712
5.437
5.745
5.425
5.733
5.357
5.688
5.398
5.581
5.462
5.491
5.552
5.362
5.540
5.340
5.614
5.369
5.610
5.403
5.592
5.443
5.651
5.374
5.666
5.462
5.649
5.467
5.590
5.443
5.588
5.453
5.568
5.491
5.498
5.449
5.440
5.492
5.401
5.561
5.352
5.570
5.378
5.530
5.297
5.599
5.278
5.581
5.331
5.544
5.388
5.452
5.448
5.403
5.493
5.349
5.578
5.326
5.622
5.469
5.582
5.463
5.582
5.539
5.482
5.400
5.452
5.422
5.332
5.416
5.328
5.282
5.237
5.201
5.172
5.130
5.193
5.089
5.055
4.996
4.971
5.003
4.920
4.866
4.846
4.728
4.653
4.558
4.590
4.556
4.458
4.415
4.406
4.380
4.335
4.302
4.185
4.226
4.224
4.116
4.121
4.111
4.014
4.004
3.875
4.002
3.917
3.949
3.752
3.728
3.664
3.677
3.642
3.679
3.602
3.680
3.534
3.521
3.465
3.485
3.347
3.448
3.400
3.415
3.346
3.350
3.415
3.377
3.328
3.349
3.213
3.305
3.163
3.150
3.175
3.145
3.174
3.120
3.082
3.090
2.999
3.077
2.933
2.979
2.960
2.923
2.881
2.910
2.913
2.961
2.930
3.007
3.010
2.928
2.986
3.006
2.873
2.854
2.794
2.828
2.656
2.667
2.585
2.622
2.627
2.629
2.650
2.607
2.680
2.533
2.608
2.465
2.496
2.448
2.471
2.491
2.464
2.392
2.475
2.439
2.483
2.445
2.478
2.432
2.428
2.387
2.377
2.375
2.330
2.347
2.387
2.235
2.380
2.291
2.377
2.267
2.307
2.185
2.175
2.153
2.055
2.101
2.105
2.087
2.014
2.039
1.954
1.986
1.862
1.846
1.867
1.833
1.911
1.802
1.788
1.697
1.712
1.739
1.768
1.711
1.783
1.706
1.708
1.669
1.574
1.689
1.550
1.492
1.510
1.534
1.485
1.515
1.469
1.371
1.348
1.259
1.424
1.416
1.392
1.304
1.366
1.345
1.228
1.287
1.206
1.273
1.191
1.293
1.251
1.286
1.252
1.290
1.227
1.268
1.234
1.191
1.246
1.047
1.340
1.181
1.142
1.131
1.019
1.215
1.219
1.313
1.300
1.343
1.264
1.235
1.241
1.131
1.265
1.227
1.277
1.197
1.307
1.254
1.283
1.169
1.218
1.185
1.238
1.188
1.232
1.227
1.166
1.113
1.124
1.219
1.069
1.091
1.076
1.012
1.072
0.995
0.927
0.929
0.923
0.963
0.952
0.953
0.925
0.847
0.841
0.837
0.889
0.858
0.903
0.889
0.932
0.918
0.856
0.906
0.899
0.963
0.824
0.910
0.785
0.875
0.710
0.871
0.808
0.926
0.842
0.992
0.907
0.857
0.915
0.817
0.921
0.887
0.819
0.749
0.777
0.706
0.636
0.735
0.656
0.603
0.662
0.599
0.600
0.606
0.647
0.542
0.520
0.505
0.499
0.444
0.481
0.548
0.487
0.520
0.524
0.568
0.531
0.537
0.550
0.534
0.472
0.444
0.429
0.379
0.396
0.381
0.413
0.398
0.319
0.351
0.376
0.314
0.328
0.310
0.337
0.360
0.334
0.320
0.382
0.427
0.389
0.406
0.452
0.444
0.466
0.381
0.402
0.400
0.483
0.484
0.435
0.579
0.465
0.485
0.421
0.391
0.371
0.371
0.438
0.426
0.401
0.428
0.396
0.525
0.388
0.431
0.407
0.466
0.402
0.420
0.426
0.385
0.395
0.457
0.485
0.573
0.572
0.560
0.597
0.570
0.615
0.575
0.579
0.494
0.577
0.537
0.480
0.640
0.622
0.695
0.619
0.699
0.617
0.653
0.691
0.683
0.681
0.672
0.691
0.761
0.777
0.840
0.812
0.743
0.829
0.741
0.809
0.782
0.711
0.809
0.746
0.786
0.756
0.733
0.764
0.710
0.765
0.655
0.795
0.626
0.749
0.662
0.714
0.687
0.709
0.711
0.742
0.688
0.736
0.710
0.707
0.665
0.691
0.635
0.597
0.535
0.576
0.508
0.515
0.496
0.573
0.438
0.459
0.384
0.440
0.420
0.401
0.378
0.345
0.334
0.403
0.328
0.458
0.372
0.433
0.404
0.409
0.346
0.393
0.374
0.385
0.391
0.348
0.423
0.436
0.437
0.496
0.510
0.439
0.450
0.438
0.433
0.383
0.316
0.326
0.441
0.349
0.458
0.355
0.437
0.271
0.358
0.343
0.415
0.493
0.451
0.478
0.423
0.497
0.381
0.403
0.342
0.428
0.358
0.388
0.425
0.466
0.445
0.488
0.555
0.455
0.573
0.464
0.543
0.408
0.498
0.391
0.475
0.350
0.438
0.340
0.491
0.366
0.468
0.431
0.358
0.340
0.354
0.308
0.336
0.302
0.332
0.327
0.347
0.338
0.345
0.368
0.424
0.458
0.491
0.490
0.534
0.557
0.529
0.552
0.525
0.590
0.493
0.516
0.526
0.493
0.538
0.539
0.516
0.548
0.499
0.575
0.485
0.573
0.475
0.572
0.521
0.547
0.496
0.464
0.455
0.462
0.454
0.438
0.449
0.455
0.499
0.428
0.535
0.401
0.458
0.466
0.548
0.565
0.469
0.451
0.434
0.446
0.360
0.458
0.425
0.520
0.475
0.579
0.492
0.539
0.555
0.557
0.504
0.606
0.509
0.603
0.534
0.539
0.484
0.469
0.489
0.558
0.573
0.581
0.595
0.575
0.470
0.546
0.377
0.517
0.414
0.560
0.485
0.509
0.564
0.600
0.562
0.484
0.475
0.487
0.470
0.502
0.519
0.585
0.560
0.570
0.543
0.582
0.535
0.516
0.485
0.529
0.492
0.476
0.496
0.518
0.471
0.476
0.474
0.527
0.550
0.535
0.619
0.495
0.570
0.470
0.590
0.476
0.463
0.530
0.522
0.563
0.500
0.529
0.477
0.471
0.549
0.454
0.471
0.434
0.415
0.439
0.476
0.402
0.388
0.317
0.408
0.411
0.482
0.481
0.470
0.517
0.579
0.587
0.495
0.530
0.508
0.518
0.518
0.474
0.512
0.549
0.574
0.515
0.465
0.441
0.487
0.427
0.532
0.534
0.551
0.481
0.602
0.499
0.480
0.463
0.409
0.415
0.395
0.357
0.356
0.335
0.268
0.258
0.296
0.325
0.357
0.364
0.350
0.361
0.364
0.367
0.302
0.333
0.356
0.358
0.355
0.308
0.327
0.258
0.299
0.342
0.375
0.301
0.389
0.296
0.349
0.301
0.386
0.352
0.343
0.381
0.320
0.373
0.327
0.328
0.332
0.341
0.337
0.357
0.297
0.387
0.420
0.372
0.382
0.339
0.400
0.335
0.351
0.378
0.323
0.377
0.373
0.371
0.421
0.328
0.405
0.366
0.404
0.458
0.446
0.469
0.457
0.466
0.433
0.524
0.466
0.466
0.538
0.433
0.506
0.455
0.527
0.405
0.464
0.433
0.462
0.487
0.387
0.494
0.405
0.487
0.481
0.459
0.432
0.520
0.391
0.472
0.497
0.503
0.395
0.417
0.426
0.383
0.393
0.371
0.321
0.336
0.376
0.424
0.419
0.475
0.442
0.435
0.456
0.424
0.419
0.415
0.395
0.464
0.364
0.435
0.388
0.436
0.367
0.477
0.402
0.534
0.393
0.590
0.392
0.476
0.473
0.450
0.515
0.487
0.536
0.506
0.500
0.500
0.530
0.550
0.491
0.506
0.450
0.449
0.497
0.486
0.423
0.407
0.475
0.448
0.457
0.474
0.501
0.495
0.464
0.517
0.401
0.507
0.376
0.503
0.438
0.522
0.418
0.399
0.359
0.506
0.405
0.477
0.411
0.522
0.441
0.436
0.418
0.419
0.404
0.455
0.511
0.445
0.458
0.431
0.428
0.518
0.544
0.571
0.487
0.468
0.488
0.490
0.510
0.504
0.465
0.523
0.452
0.549
0.525
0.489
0.589
0.407
0.470
0.490
0.515
0.481
0.438
0.390
0.345
0.392
0.418
0.495
0.455
0.476
0.400
0.400
0.439
0.432
0.410
0.369
0.448
0.392
0.375
0.370
0.366
0.418
0.353
0.315
0.369
0.333
0.323
0.372
0.322
0.378
0.328
0.386
0.251
0.378
0.369
0.391
0.377
0.335
0.330
0.348
0.267
0.408
0.265
0.278
0.306
0.311
0.294
0.288
0.340
0.249
0.388
0.414
0.395
0.405
0.467
0.364
0.403
0.384
0.334
0.437
0.314
0.346
0.313
0.305
0.292
0.300
0.280
0.310
0.348
0.306
0.360
0.327
0.398
0.378
0.408
0.408
0.489
0.563
0.597
0.492
0.574
0.520
0.592
0.485
0.611
0.514
0.514
0.513
0.490
0.506
0.541
0.574
0.559
0.596
0.628
0.496
0.678
0.525
0.704
0.581
0.607
0.611
0.602
0.544
0.526
0.508
0.592
0.486
0.597
0.456
0.613
0.500
0.606
0.455
0.552
0.446
0.467
0.419
0.410
0.408
0.436
0.373
0.366
0.419
0.368
0.420
0.359
0.371
0.393
0.385
0.403
0.449
0.472
0.444
0.453
0.405
0.481
0.393
0.493
0.453
0.438
0.463
0.474
0.493
0.514
0.465
0.448
0.532
0.456
0.490
0.492
0.522
0.445
0.450
0.504
0.502
0.655
0.622
0.669
0.617
0.653
0.643
0.624
0.569
0.585
0.606
0.544
0.606
0.569
0.655
0.570
0.602
0.558
0.477
0.479
0.493
0.420
0.519
0.426
0.513
0.302
0.412
0.331
0.402
0.376
0.411
0.342
0.439
0.412
0.400
0.388
0.414
0.443
0.434
0.495
0.460
0.475
0.460
0.449
0.498
0.488
0.449
0.543
0.504
0.432
0.468
0.412
0.479
0.505
0.415
0.470
0.384
0.461
0.362
0.415
0.408
0.428
0.412
0.354
0.514
0.474
0.418
0.509
0.380
0.582
0.430
0.620
0.403
0.550
0.396
0.573
0.364
0.527
0.471
0.517
0.459
0.464
0.447
0.483
0.518
0.495
0.446
0.555
0.410
0.523
0.424
0.424
0.564
0.470
0.549
0.486
0.585
0.517
0.515
0.491
0.494
0.501
0.548
0.567
0.521
0.536
0.553
0.563
0.565
0.591
0.560
0.633
0.524
0.600
0.511
0.567
0.553
0.594
0.570
0.682
0.579
0.676
0.590
0.669
0.633
0.648
0.606
0.648
0.664
0.607
0.597
0.550
0.515
0.563
0.558
0.569
0.604
0.578
0.546
0.584
0.586
0.542
0.498
0.544
0.605
0.547
0.556
0.627
0.500
0.632
0.525
0.557
0.390
0.525
0.566
0.528
0.542
0.564
0.659
0.589
0.635
0.634
0.669
0.766
0.728
0.713
0.640
0.714
0.658
0.687
0.734
0.672
0.703
0.653
0.696
0.626
0.588
0.582
0.563
0.543
0.630
0.551
0.658
0.654
0.626
0.630
0.615
0.502
0.635
0.561
0.578
0.473
0.528
0.462
0.534
0.439
0.498
0.416
0.368
0.451
0.398
0.416
0.403
0.384
0.339
0.322
0.232
0.355
0.334
0.292
0.330
0.291
0.296
0.285
0.350
0.287
0.387
0.369
0.414
0.362
0.504
0.511
0.567
0.490
0.547
0.514
0.512
0.475
0.595
0.535
0.547
0.402
0.500
0.469
0.441
0.343
0.383
0.322
0.394
0.304
0.268
0.255
0.301
0.350
0.318
0.429
0.338
0.398
0.340
0.378
0.362
0.435
0.342
0.400
0.421
0.473
0.539
0.441
0.513
0.474
0.422
0.488
0.435
0.418
0.321
0.273
0.307
0.230
0.253
0.255
0.393
0.295
0.367
0.394
0.378
0.369
0.335
0.413
0.268
0.388
0.425
0.420
0.463
0.382
0.430
0.393
0.498
0.364
0.472
0.388
0.380
0.396
0.324
0.383
0.315
0.340
0.317
0.369
0.342
0.373
0.323
0.342
0.375
0.444
0.347
0.471
0.403
0.460
0.391
0.438
0.485
0.493
0.447
0.557
0.485
0.520
0.517
0.494
0.524
0.481
0.499
0.454
0.506
0.493
0.546
0.528
0.566
0.519
0.553
0.495
0.628
0.493
0.641
0.565
0.545
0.526
0.539
0.505
0.469
0.503
0.467
0.443
0.478
0.447
0.539
0.489
0.615
0.571
0.592
0.557
0.543
0.550
0.554
0.511
0.549
0.493
0.544
0.514
0.491
0.474
0.546
0.508
0.569
0.572
0.515
0.541
0.458
0.466
0.514
0.465
0.455
0.432
0.378
0.423
0.347
0.279
0.318
0.324
0.310
0.399
0.419
0.439
0.432
0.486
0.491
0.460
0.527
0.468
0.462
0.481
0.525
0.472
0.519
0.468
0.435
0.430
0.381
0.522
0.410
0.441
0.449
0.449
0.438
0.423
0.442
0.413
0.402
0.403
0.460
0.434
0.538
0.488
0.499
0.546
0.485
0.564
0.493
0.454
0.478
0.499
0.402
0.471
0.406
0.435
0.447
0.419
0.468
0.402
0.551
0.567
0.560
0.581
0.513
0.538
0.463
0.626
0.514
0.589
0.556
0.565
0.528
0.596
0.458
0.618
0.543
0.678
0.650
0.649
0.586
0.583
0.674
0.551
0.502
0.479
0.505
0.528
0.510
0.536
0.443
0.504
0.506
0.503
0.493
0.451
0.446
0.504
0.442
0.482
0.458
0.476
0.540
0.540
0.546
0.626
0.636
0.681
0.610
0.741
0.607
0.688
0.543
0.473
0.573
0.506
0.607
0.512
0.503
0.532
0.478
0.553
0.533
0.522
0.568
0.514
0.569
0.474
0.479
0.452
0.469
0.543
0.469
0.569
0.480
0.508
0.534
0.576
0.620
0.496
0.597
0.523
0.613
0.499
0.555
0.551
0.518
0.504
0.550
0.536
0.427
0.545
0.514
0.515
0.453
0.434
0.465
0.354
0.437
0.435
0.449
0.434
0.505
0.431
0.461
0.488
0.419
0.396
0.390
0.472
0.466
0.513
0.397
0.535
0.405
0.542
0.405
0.442
0.387
0.407
0.337
0.347
0.322
0.315
0.412
0.387
0.415
0.441
0.372
0.387
0.387
0.431
0.439
0.467
0.380
0.381
0.413
0.324
0.422
0.385
0.500
0.399
0.520
0.496
0.545
0.490
0.575
0.485
0.513
0.531
0.459
0.535
0.546
0.450
0.455
0.460
0.517
0.445
0.547
0.484
0.494
0.507
0.524
0.519
0.465
0.589
0.450
0.486
0.379
0.363
0.386
0.297
0.359
0.297
0.294
0.336
0.327
0.392
0.366
0.368
0.365
0.312
0.396
0.379
0.328
0.351
0.285
0.300
0.311
0.319
0.247
0.270
0.289
0.294
0.240
0.263
0.342
0.309
0.382
0.326
0.365
0.275
0.301
0.357
0.336
0.401
0.321
0.334
0.330
0.307
0.310
0.309
0.355
0.398
0.352
0.427
0.359
0.472
0.494
0.523
0.573
0.473
0.532
0.457
0.483
0.500
0.548
0.416
0.503
0.503
0.524
0.501
0.520
0.463
0.582
0.516
0.602
0.531
0.557
0.587
0.633
0.578
0.609
0.561
0.558
0.622
0.577
0.663
0.558
0.527
0.661
0.556
0.649
0.586
0.597
0.687
0.637
0.679
0.562
0.640
0.518
0.559
0.534
0.545
0.557
0.578
0.586
0.626
0.566
0.583
0.529
0.536
0.601
0.641
0.613
0.597
0.520
0.641
0.613
0.614
0.637
0.604
0.602
0.600
0.560
0.543
0.610
0.571
0.589
0.629
0.520
0.619
0.635
0.632
0.527
0.589
0.556
0.640
0.526
0.602
0.519
0.600
0.555
0.512
0.502
0.436
0.432
0.445
0.421
0.397
0.433
0.387
0.459
0.371
0.480
0.365
0.398
0.331
0.360
0.343
0.359
0.284
0.390
0.395
0.398
0.386
0.391
0.370
0.391
0.416
0.360
0.338
0.278
0.329
0.289
0.328
0.334
0.343
0.417
0.391
0.330
0.402
0.453
0.454
0.384
0.369
0.433
0.463
0.471
0.406
0.514
0.483
0.465
0.496
0.474
0.584
0.546
0.615
0.524
0.639
0.574
0.599
0.651
0.643
0.664
0.652
0.624
0.750
0.615
0.668
0.628
0.633
0.658
0.515
0.598
0.522
0.515
0.482
0.561
0.410
0.570
0.390
0.493
0.446
0.587
0.366
0.512
0.298
0.528
0.400
0.469
0.383
0.414
0.447
0.430
0.421
0.429
0.439
0.331
0.410
0.260
0.350
0.276
0.234
0.281
0.308
0.204
0.304
0.217
0.374
0.388
0.447
0.421
0.446
0.479
0.556
0.447
0.419
0.428
0.319
0.316
0.377
0.378
0.428
0.364
0.383
0.316
0.379
0.376
0.397
0.356
0.331
0.341
0.415
0.353
0.370
0.284
0.347
0.281
0.274
0.244
0.271
0.250
0.310
0.374
0.420
0.483
0.482
0.490
0.452
0.436
0.526
0.402
0.522
0.508
0.527
0.518
0.463
0.391
0.518
0.374
0.491
0.514
0.481
0.559
0.501
0.531
0.503
0.546
0.485
0.565
0.449
0.489
0.457
0.434
0.412
0.375
0.407
0.450
0.421
0.527
0.385
0.509
0.428
0.578
0.531
0.641
0.478
0.571
0.570
0.603
0.588
0.587
0.519
0.546
0.533
0.503
0.582
0.506
0.529
0.448
0.416
0.463
0.436
0.467
0.423
0.526
0.409
0.572
0.354
0.548
0.405
0.462
0.429
0.392
0.382
0.425
0.325
0.512
0.374
0.545
0.414
0.516
0.409
0.501
0.433
0.602
0.525
0.599
0.491
0.647
0.601
0.649
0.580
0.633
0.545
0.551
0.494
0.502
0.442
0.546
0.397
0.487
0.346
0.459
0.473
0.457
0.456
0.402
0.402
0.345
0.356
0.422
0.391
0.487
0.423
0.432
0.423
0.414
0.356
0.448
0.278
0.471
0.347
0.421
0.209
0.360
0.316
0.413
0.274
0.364
0.260
0.364
0.240
0.367
0.230
0.281
0.195
0.442
0.316
0.317
0.246
0.354
0.278
0.373
0.213
0.410
0.263
0.364
0.224
0.355
0.269
0.240
0.210
0.316
0.259
0.287
0.235
0.183
0.305
0.205
0.235
0.232
0.246
0.248
0.233
0.206
0.292
0.260
0.251
0.199
0.255
0.184
0.208
0.289
0.318
0.335
0.287
0.208
0.275
0.378
0.343
0.265
0.357
0.281
0.266
0.193
0.281
0.222
0.336
0.134
0.191
0.175
0.316
0.213
0.305
0.246
0.306
0.103
0.335
0.227
0.228
0.187
0.222
0.191
0.205
0.336
0.210
0.161
0.249
0.334
0.272
0.272
0.304
0.351
0.344
0.296
0.424
0.332
0.309
0.282
0.284
0.327
0.295
0.306
0.242
0.214
0.241
0.332
0.258
0.215
0.306
0.204
0.216
0.181
0.147
0.079
0.209
0.186
0.277
0.156
0.269
0.196
0.236
0.225
0.137
0.214
0.176
0.223
0.248
0.287
0.301
0.227
0.315
0.243
0.275
0.184
0.238
0.252
0.221
0.189
0.191
0.157
0.244
0.178
0.154
0.228
0.166
0.217
0.112
0.224
0.124
0.214
0.232
0.204
0.162
0.137
0.234
0.165
0.253
0.192
0.253
0.258
0.209
0.184
0.280
0.227
0.280
0.261
0.216
0.201
0.276
0.195
0.238
0.178
0.264
0.203
0.212
0.119
0.155
0.125
0.167
0.201
0.129
0.091
0.090
0.225
0.206
0.216
0.219
0.233
0.207
0.191
0.249
0.235
0.206
0.179
0.192
0.217
0.226
0.221
0.276
0.149
0.195
0.218
0.284
0.228
0.274
0.328
0.196
0.195
0.249
0.312
0.172
0.168
0.170
0.316
0.187
0.222
0.111
0.321
0.194
0.212
0.202
0.357
0.260
0.207
0.281
0.299
0.298
0.253
0.269
0.355
0.310
0.236
0.214
0.336
0.315
0.261
0.347
0.349
0.338
0.244
0.304
0.256
0.281
0.274
0.351
0.233
0.280
0.260
0.422
0.222
0.322
0.200
0.313
0.240
0.361
0.145
0.344
0.328
0.283
0.186
0.314
0.208
0.271
0.270
0.299
0.363
0.354
0.212
0.215
0.255
0.307
0.232
0.174
0.215
0.264
0.153
0.259
0.211
0.204
0.107
0.241
0.203
0.266
0.263
0.198
0.284
0.247
0.329
0.162
0.256
0.212
0.283
0.207
0.300
0.195
0.288
0.216
0.396
0.228
0.224
0.235
0.360
0.278
0.270
0.342
0.312
0.269
0.211
0.292
0.308
0.305
0.263
0.294
0.330
0.327
0.189
0.240
0.301
0.289
0.255
0.192
0.240
0.177
0.304
0.208
0.232
0.199
0.301
0.045
0.190
0.242
0.241
0.173
0.189
0.191
0.274
0.270
0.239
0.293
0.132
0.206
0.188
0.181
0.184
0.102
0.301
0.205
0.198
0.163
0.148
0.209
0.173
0.078
0.210
0.094
0.257
0.173
0.259
0.182
0.251
0.233
0.396
0.185
0.302
0.281
0.348
0.327
0.259
0.300
0.277
0.355
0.235
0.279
0.276
0.211
0.182
0.253
0.267
0.285
0.246
0.271
0.259
0.296
0.207
0.251
0.181
0.308
0.170
0.232
0.269
0.251
0.158
0.147
0.215
0.178
0.219
0.237
0.236
0.212
0.191
0.274
0.227
0.150
0.172
0.270
0.147
0.217
0.202
0.318
0.233
0.211
0.184
0.263
0.150
0.298
0.308
0.241
0.246
0.308
0.169
0.276
0.241
0.365
0.277
0.304
0.225
0.249
0.231
0.280
0.168
0.272
0.222
0.293
0.072
0.219
0.167
0.254
0.234
0.220
0.196
0.314
0.278
0.182
0.267
0.177
0.229
0.255
0.221
0.219
0.226
0.241
0.210
0.226
0.260
0.276
0.122
0.231
0.245
0.314
0.240
0.259
0.350
0.262
0.282
0.269
0.377
0.303
0.191
0.261
0.303
0.272
0.244
0.278
0.220
0.260
0.149
0.304
0.189
0.222
0.200
0.258
0.203
0.265
0.180
0.254
0.124
0.192
0.135
0.150
0.137
0.170
0.174
0.203
0.233
0.157
0.183
0.203
0.160
0.264
0.146
0.266
0.224
0.236
0.192
0.228
0.235
0.183
0.166
0.192
0.208
0.282
0.270
0.262
0.278
0.277
0.318
0.329
0.207
0.245
0.328
0.237
0.230
0.186
0.337
0.211
0.213
0.195
0.226
0.197
0.211
0.186
0.197
0.201
0.244
0.162
0.130
0.203
0.207
0.354
0.181
0.257
0.206
0.225
0.243
0.250
0.156
0.237
0.207
0.200
0.252
0.312
0.230
0.229
0.214
0.245
0.272
0.232
0.156
0.199
0.240
0.203
0.268
0.244
0.137
0.239
0.203
0.282
0.049
0.235
0.169
0.270
0.310
0.274
0.223
0.330
0.371
0.231
0.231
0.259
0.321
0.254
0.257
0.216
0.233
0.187
0.232
0.269
0.244
0.275
0.147
0.225
0.228
0.232
0.243
0.176
0.246
0.207
0.221
0.166
0.209
0.214
0.217
0.249
0.257
0.246
0.239
0.264
0.276
0.198
0.261
0.190
0.312
0.284
0.231
0.248
0.178
0.239
0.262
0.246
0.280
0.205
0.307
0.227
0.246
0.233
0.297
0.265
0.206
0.275
0.247
0.291
0.238
0.278
0.228
0.326
0.251
0.330
0.230
0.229
0.218
0.349
0.264
0.235
0.283
0.334
0.332
0.207
0.285
0.296
0.301
0.267
0.269
0.196
0.247
0.212
0.262
0.243
0.177
0.213
0.246
0.244
0.191
0.241
0.201
0.201
0.257
0.266
0.195
0.096
0.173
0.256
0.143
0.117
0.186
0.192
0.102
0.186
0.122
0.297
0.247
0.276
0.257
0.351
0.262
0.216
0.270
0.224
0.330
0.190
0.289
0.264
0.306
0.228
0.154
0.270
0.276
0.247
0.155
0.218
0.203
0.245
0.200
0.185
0.212
0.250
0.207
0.184
0.201
0.120
0.202
0.128
0.285
0.214
0.153
0.175
0.288
0.116
0.217
0.233
0.317
0.247
0.289
0.222
0.313
0.183
0.288
0.188
0.209
0.154
0.176
0.167
0.241
0.150
0.161
0.130
0.170
0.232
0.159
0.150
0.168
0.256
0.234
0.241
0.166
0.231
0.128
0.311
0.215
0.224
0.257
0.340
0.258
0.331
0.257
0.285
0.293
0.310
0.210
0.253
0.253
0.286
0.160
0.302
0.289
0.259
0.339
0.270
0.310
0.265
0.288
0.323
0.330
0.275
0.278
0.277
0.329
0.271
0.292
0.172
0.234
0.218
0.247
0.228
0.250
0.131
0.272
0.202
0.277
0.175
0.221
0.202
0.154
0.251
0.192
0.398
0.213
0.329
0.195
0.302
0.203
0.291
0.177
0.284
0.175
0.257
0.145
0.335
0.183
0.251
0.256
0.294
0.226
0.272
0.374
0.216
0.315
0.271
0.334
0.227
0.317
0.256
0.337
0.148
0.259
0.207
0.323
0.140
0.238
0.166
0.174
0.166
0.250
0.197
0.230
0.223
0.272
0.256
0.297
0.196
0.220
0.227
0.296
0.180
0.233
0.182
0.304
0.154
0.267
0.158
0.300
0.172
0.337
0.238
0.225
0.233
0.178
0.290
0.268
0.304
0.273
0.416
0.308
0.234
0.195
0.286
0.223
0.167
0.235
0.294
0.305
0.228
0.139
0.275
0.305
0.294
0.226
0.255
0.277
0.306
0.217
0.291
0.174
0.209
0.202
0.266
0.164
0.178
0.124
0.160
0.113
0.108
0.166
0.216
0.177
0.206
0.212
0.261
0.177
0.209
0.154
0.299
0.148
0.179
0.147
0.227
0.189
0.188
0.166
0.193
0.144
0.220
0.097
0.194
0.073
0.207
0.142
0.214
0.070
0.186
0.083
0.229
0.125
0.222
0.203
0.269
0.173
0.260
0.202
0.195
0.222
0.190
0.123
0.121
0.188
0.183
0.159
0.153
0.223
0.288
0.126
0.167
0.266
0.128
0.145
0.199
0.176
0.189
0.194
0.220
0.163
0.204
0.173
0.249
0.253
0.234
0.128
0.307
0.144
0.208
0.189
0.283
0.167
0.219
0.189
0.283
0.136
0.189
0.188
0.311
0.221
0.209
0.149
0.294
0.244
0.231
0.206
0.194
0.168
0.239
0.255
0.188
0.220
0.270
0.274
0.164
0.213
0.115
0.216
0.193
0.197
0.183
0.265
0.215
0.195
0.272
0.244
0.305
0.203
0.265
0.259
0.204
0.209
0.177
0.156
0.122
0.157
0.232
0.170
0.180
0.249
0.233
0.147
0.171
0.234
0.224
0.168
0.244
0.190
0.250
0.199
0.276
0.184
0.296
0.293
0.400
0.239
0.294
0.238
0.382
0.320
0.256
0.208
0.348
0.359
0.313
0.237
0.338
0.354
0.290
0.213
0.230
0.279
0.306
0.203
0.315
0.322
0.311
0.251
0.313
0.291
0.306
0.175
0.384
0.277
0.271
0.200
0.297
0.245
0.300
0.252
0.274
0.295
0.257
0.285
0.284
0.205
0.299
0.209
0.274
0.209
0.188
0.263
0.324
0.211
0.199
0.239
0.207
0.173
0.151
0.274
0.127
0.175
0.125
0.226
0.125
0.295
0.146
0.213
0.199
0.303
0.207
0.286
0.163
0.294
0.210
0.245
0.172
0.326
0.134
0.204
0.136
0.315
0.298
0.264
0.206
0.261
0.211
0.182
0.213
0.252
0.280
0.105
0.285
0.202
0.227
0.201
0.291
0.192
0.282
0.206
0.367
0.097
0.303
0.224
0.348
0.207
0.315
0.260
0.267
0.323
0.231
0.185
0.294
0.338
0.214
0.182
0.351
0.253
0.242
0.252
0.288
0.178
0.265
0.194
0.345
0.240
0.222
0.188
0.389
0.233
0.267
0.244
0.339
0.142
0.288
0.164
0.249
0.247
0.249
0.231
0.200
0.211
0.280
0.308
0.191
0.275
0.250
0.328
0.235
0.223
0.228
0.248
0.168
0.208
0.192
0.267
0.142
0.145
0.159
0.223
0.138
0.189
0.155
0.236
0.126
0.169
0.128
0.099
0.148
0.175
0.253
0.120
0.175
0.151
0.231
0.157
0.165
0.132
0.252
0.062
0.241
0.125
0.245
0.243
0.286
0.189
0.233
0.145
0.250
0.292
0.190
0.196
0.296
0.318
0.292
0.200
0.345
0.324
0.254
0.234
0.275
0.191
0.289
0.197
0.244
0.251
0.281
0.168
0.297
0.377
0.257
0.324
0.249
0.233
0.252
0.185
0.185
0.314
0.286
0.233
0.153
0.295
0.292
0.235
0.186
0.293
0.273
0.306
0.229
0.250
0.239
0.251
0.204
0.219
0.307
0.217
0.308
0.219
0.354
0.232
0.228
0.218
0.317
0.251
0.219
0.262
0.265
0.227
0.196
0.261
0.263
0.203
0.318
0.250
0.281
0.211
0.284
0.293
0.330
0.248
0.275
0.281
0.256
0.189
0.166
0.250
0.168
0.214
0.131
0.176
0.231
0.211
0.081
0.203
0.138
0.129
0.285
0.185
0.186
0.147
0.171
0.240
0.177
0.276
0.157
0.328
0.187
0.220
0.285
0.313
0.325
0.246
0.288
0.257
0.234
0.262
0.180
0.295
0.217
0.274
0.325
0.326
0.184
0.208
0.289
0.308
0.279
0.232
0.268
0.234
0.199
0.309
0.188
0.187
0.248
0.343
0.226
0.217
0.173
0.252
0.192
0.191
0.151
0.225
0.249
0.297
0.240
0.262
0.304
0.256
0.304
0.253
0.173
0.274
0.324
0.223
0.183
0.257
0.236
0.123
0.279
0.174
0.218
0.192
0.285
0.199
0.202
0.184
0.251
0.156
0.291
0.110
0.201
0.125
0.195
0.159
0.223
0.245
0.175
0.177
0.177
0.283
0.247
0.211
0.168
0.203
0.131
0.144
0.114
0.185
0.170
0.228
0.149
0.202
0.152
0.273
0.106
0.229
0.050
0.214
0.178
0.264
0.262
0.196
0.229
0.201
0.269
0.261
0.192
0.166
0.223
0.235
0.150
0.203
0.149
0.172
0.245
0.246
0.207
0.054
0.203
0.185
0.167
0.270
0.245
0.220
0.226
0.337
0.220
0.286
0.237
0.265
0.227
0.314
0.305
0.276
0.299
0.328
0.325
0.189
0.356
0.250
0.243
0.189
0.168
0.207
0.181
0.227
0.172
0.225
0.191
0.193
0.216
0.278
0.199
0.231
0.215
0.170
0.256
0.196
0.216
0.247
0.250
0.148
0.206
0.158
0.314
0.218
0.279
0.140
0.233
0.271
0.271
0.135
0.160
0.246
0.265
0.246
0.221
0.281
0.319
0.296
0.287
0.216
0.291
0.273
0.271
0.255
0.268
0.351
0.299
0.278
0.236
0.327
0.224
0.273
0.232
0.286
0.309
0.185
0.196
0.252
0.186
0.214
0.226
0.207
0.221
0.356
0.305
0.242
0.286
0.353
0.202
0.257
0.284
0.240
0.159
0.261
0.171
0.229
0.144
0.211
0.235
0.285
0.139
0.215
0.178
0.315
0.141
0.293
0.209
0.344
0.180
0.324
0.178
0.321
0.184
0.286
0.142
0.281
0.219
0.195
0.223
0.255
0.182
0.244
0.150
0.203
0.196
0.321
0.187
0.241
0.172
0.170
0.169
0.246
0.236
0.116
0.163
0.228
0.153
0.202
0.194
0.198
0.170
0.144
0.238
0.183
0.309
0.120
0.246
0.154
0.273
0.240
0.180
0.276
0.232
0.349
0.186
0.265
0.182
0.277
0.196
0.207
0.165
0.213
0.250
0.298
0.223
0.223
0.266
0.192
0.220
0.190
0.195
0.242
0.121
0.235
0.200
0.197
0.160
0.132
0.212
0.202
0.203
0.207
0.313
0.205
0.248
0.233
0.258
0.318
0.146
0.206
0.257
0.290
0.185
0.182
0.291
0.295
0.262
0.164
0.179
0.233
0.219
0.085
0.239
0.161
0.147
0.136
0.111
0.119
0.208
0.145
0.124
0.167
0.214
0.139
0.115
0.138
0.196
0.154
0.054
0.094
0.104
0.204
0.169
0.210
0.205
0.225
0.161
0.190
0.122
0.211
0.184
0.148
0.029
0.246
0.181
0.195
0.288
0.210
0.232
0.253
0.234
0.234
0.226
0.206
0.105
0.259
0.205
0.275
0.160
0.224
0.213
0.263
0.149
0.289
0.177
0.271
0.246
0.186
0.209
0.267
0.208
0.248
0.252
0.166
0.240
0.201
0.232
0.248
0.254
0.261
0.239
0.102
0.250
0.273
0.231
0.231
0.257
0.239
0.204
0.262
0.168
0.174
0.237
0.226
0.183
0.185
0.273
0.243
0.214
0.075
0.211
0.204
0.181
0.207
0.262
0.252
0.165
0.136
0.303
0.293
0.259
0.205
0.278
0.208
0.268
0.224
0.335
0.220
0.261
0.402
0.336
0.223
0.339
0.345
0.411
0.291
0.311
0.254
0.456
0.239
0.346
0.165
0.420
0.224
0.323
0.167
0.424
0.223
0.336
0.202
0.305
0.171
0.300
0.357
0.199
0.156
0.236
0.296
0.234
0.275
0.186
0.181
0.192
0.187
0.168
0.192
0.249
0.197
0.198
0.271
0.288
0.250
0.200
0.212
0.249
0.274
0.116
0.289
0.243
0.294
0.218
0.232
0.279
0.310
0.241
0.276
0.325
0.228
0.321
0.198
0.216
0.128
0.225
0.147
0.225
0.150
0.263
0.155
0.285
0.220
0.158
0.136
0.171
0.175
0.261
0.231
0.222
0.274
0.279
0.184
0.318
0.353
0.264
0.225
0.298
0.343
0.253
0.360
0.240
0.279
0.240
0.353
0.283
0.268
0.233
0.311
0.257
0.295
0.272
0.309
0.265
0.229
0.224
0.281
0.259
0.264
0.175
0.208
0.275
0.297
0.237
0.320
0.275
0.297
0.340
0.256
0.289
0.242
0.392
0.265
0.299
0.283
0.272
0.177
0.229
0.242
0.285
0.220
0.289
0.278
0.263
0.243
0.216
0.155
0.231
0.290
0.197
0.140
0.125
0.240
0.250
0.154
0.166
0.203
0.222
0.218
0.275
0.160
0.229
0.233
0.209
0.187
0.232
0.208
0.241
0.233
0.274
0.204
0.185
0.202
0.227
0.201
0.194
0.188
0.196
0.151
0.261
0.162
0.252
0.118
0.244
0.153
0.218
0.165
0.263
0.171
0.123
0.133
0.192
0.164
0.131
0.192
0.204
0.160
0.252
0.140
0.290
0.239
0.276
0.138
0.309
0.184
0.342
0.222
0.278
0.210
0.322
0.193
0.354
0.325
0.341
0.245
0.311
0.356
0.266
0.225
0.263
0.308
0.336
0.211
0.265
0.283
0.364
0.234
0.245
0.246
0.202
0.235
0.291
0.208
0.234
0.143
0.189
0.119
0.121
0.048
0.171
0.091
0.117
0.082
0.177
0.030
0.186
0.098
0.159
0.163
0.146
0.261
0.162
0.198
0.259
0.317
0.262
0.249
0.256
0.097
0.270
0.156
0.232
0.078
0.263
0.200
0.266
0.212
0.257
0.231
0.306
0.284
0.246
0.209
0.211
0.129
0.205
0.142
0.128
0.200
0.133
0.193
0.196
0.140
0.199
0.211
0.058
0.202
0.209
0.161
0.612
0.486
0.569
0.821
0.742
0.820
0.845
0.885
0.866
0.920
0.943
0.865
0.842
0.814
0.784
0.726
0.724
0.795
0.759
0.762
0.837
0.805
0.812
0.871
0.937
0.887
0.880
0.918
0.819
0.842
0.905
0.857
0.918
0.901
0.884
0.974
0.967
1.017
0.997
0.919
0.983
0.996
0.977
1.036
1.094
1.120
0.999
1.001
0.989
0.948
0.934
0.933
0.952
0.894
0.990
0.911
0.962
0.922
0.930
0.954
0.921
0.967
1.010
1.004
1.039
0.939
0.961
0.970
1.012
0.911
0.991
1.072
0.988
1.000
1.004
1.044
1.037
0.956
0.961
0.883
0.905
0.857
0.892
0.903
0.846
0.916
0.886
0.851
0.999
1.000
0.988
1.056
1.010
1.043
0.979
0.907
0.968
0.907
1.016
0.892
0.926
0.909
0.829
0.946
0.921
0.974
0.970
0.975
0.982
0.971
0.944
0.956
0.945
0.884
0.902
0.913
0.999
0.996
1.005
1.042
1.089
1.000
0.950
0.962
0.976
0.936
1.088
1.059
1.043
1.136
1.073
1.066
1.090
1.067
1.065
1.042
1.019
1.135
1.092
1.091
1.173
1.124
1.140
1.097
1.199
1.155
1.140
1.191
1.161
1.120
1.172
1.117
1.180
1.223
1.128
1.204
1.248
1.193
1.210
1.170
1.129
1.090
0.963
1.053
1.019
1.011
0.984
0.956
1.006
0.951
0.964
1.018
1.039
1.028
1.023
0.978
0.950
0.912
1.018
0.990
1.038
1.032
1.017
0.996
0.944
1.050
1.008
0.955
1.076
1.006
0.993
1.000
0.966
0.960
0.913
1.000
0.902
0.840
0.893
0.786
0.826
0.800
0.786
0.789
0.749
0.738
0.737
0.733
0.743
0.766
0.691
0.713
0.751
0.662
0.783
0.808
0.779
0.875
0.810
0.805
0.829
0.829
0.823
0.868
0.878
0.887
0.887
0.869
0.806
0.765
0.855
0.898
0.829
0.871
0.894
0.848
0.937
1.036
0.927
0.896
0.968
0.991
0.957
0.963
0.905
0.816
0.878
0.910
0.831
0.826
0.782
0.757
0.799
0.784
0.788
0.756
0.787
0.844
0.885
0.845
0.863
0.885
0.883
0.787
0.882
0.793
0.839
0.883
0.856
0.812
0.950
0.793
0.791
0.893
0.825
0.850
0.882
0.863
0.801
0.860
0.835
0.794
0.789
0.831
0.766
0.825
0.779
0.789
0.790
0.794
0.775
0.780
0.703
0.727
0.706
0.735
0.689
0.721
0.749
0.633
0.639
0.588
0.573
0.601
0.571
0.518
0.575
0.617
0.654
0.661
0.611
0.704
0.646
0.565
0.659
0.647
0.645
0.698
0.705
0.789
0.724
0.758
0.780
0.703
0.742
0.731
0.714
0.778
0.692
0.752
0.734
0.666
0.767
0.727
0.653
0.701
0.669
0.640
0.624
0.630
0.740
0.572
0.730
0.649
0.630
0.785
0.665
0.666
0.715
0.639
0.664
0.665
0.600
0.613
0.597
0.557
0.545
0.601
0.603
0.570
0.659
0.662
0.577
0.586
0.558
0.545
0.490
0.491
0.517
0.525
0.528
0.626
0.579
0.549
0.687
0.632
0.598
0.637
0.646
0.609
0.630
0.628
0.595
0.617
0.585
0.638
0.653
0.649
0.651
0.662
0.792
0.801
0.901
0.919
1.028
0.991
1.034
1.147
1.063
1.096
1.113
1.099
1.097
1.135
1.113
1.177
1.131
1.104
1.178
1.178
1.190
1.273
1.214
1.236
1.187
1.150
1.107
1.137
1.052
1.125
1.149
1.102
1.133
1.095
1.107
1.110
1.113
1.167
1.213
1.148
1.241
1.205
1.146
1.190
1.214
1.153
1.187
1.301
1.141
1.218
1.261
1.145
1.254
1.215
1.143
1.281
1.309
1.167
1.260
1.280
1.142
1.239
1.190
1.188
1.193
1.208
1.238
1.186
1.287
1.269
1.265
1.184
1.287
1.187
1.113
1.231
1.120
1.143
1.146
1.173
1.198
1.128
1.243
1.297
1.247
1.260
1.318
1.259
1.307
1.259
1.284
1.334
1.312
1.359
1.239
1.355
1.334
1.297
1.369
1.296
1.236
1.354
1.249
1.236
1.300
1.232
1.154
1.233
1.260
1.205
1.248
1.232
1.186
1.239
1.171
1.353
1.331
1.357
1.417
1.344
1.328
1.414
1.367
1.450
1.463
1.455
1.442
1.465
1.500
1.443
1.481
1.472
1.495
1.583
1.499
1.616
1.641
1.656
1.689
1.686
1.675
1.717
1.685
1.698
1.781
1.714
1.734
1.703
1.758
1.791
1.727
1.680
1.643
1.666
1.590
1.611
1.633
1.697
1.650
1.648
1.685
1.732
1.726
1.755
1.758
1.680
1.734
1.671
1.682
1.753
1.689
1.722
1.716
1.706
1.718
1.805
1.761
1.750
1.771
1.856
1.806
1.769
1.773
1.726
1.729
1.758
1.711
1.782
1.774
1.785
1.770
1.747
1.801
1.789
1.732
1.724
1.822
1.809
1.780
1.802
1.744
1.871
1.790
1.829
1.900
1.849
1.865
1.779
1.810
1.818
1.797
1.817
1.772
1.789
1.775
1.743
1.876
1.823
1.881
1.924
1.919
1.924
1.937
1.967
1.962
1.927
1.918
1.992
1.948
1.943
1.970
2.026
1.961
2.019
2.099
2.059
2.098
2.169
2.068
2.086
2.060
1.957
2.030
2.047
2.011
1.968
1.907
1.974
1.939
1.918
1.969
1.876
1.907
1.869
1.882
1.889
1.808
1.840
1.832
1.788
1.812
1.722
1.732
1.699
1.729
1.695
1.794
1.831
1.807
1.845
1.861
1.831
1.873
1.786
1.819
1.760
1.775
1.772
1.710
1.751
1.731
1.788
1.798
1.825
1.889
1.947
1.876
1.906
1.923
1.930
2.014
1.959
2.023
2.030
2.006
2.051
1.995
2.078
2.082
1.943
1.938
1.869
1.875
1.799
1.855
1.770
1.748
1.797
1.690
1.710
1.748
1.718
1.754
1.736
1.713
1.727
1.709
1.682
1.856
1.740
1.775
1.720
1.713
1.711
1.768
1.831
1.853
1.902
1.914
1.854
1.922
1.841
1.857
1.784
1.758
1.803
1.902
1.879
1.928
1.857
1.910
1.908
1.890
1.874
1.866
1.863
1.885
1.832
1.879
1.919
1.877
1.936
1.935
1.859
1.940
1.948
1.974
2.088
2.112
2.072
2.028
2.026
1.973
1.883
2.010
1.965
1.920
1.972
1.956
1.957
1.987
1.931
2.000
1.937
1.885
1.897
1.857
1.924
1.985
1.948
1.810
1.858
1.897
1.852
1.964
1.996
2.034
1.957
1.907
1.969
1.879
1.986
2.022
2.042
2.084
2.055
2.065
2.128
2.061
2.087
2.039
2.058
2.124
2.010
2.051
2.001
2.039
2.049
2.071
2.036
2.026
2.017
2.013
2.049
2.120
2.139
2.092
2.201
2.097
2.160
2.132
2.068
2.096
2.046
2.164
2.037
2.126
2.068
2.088
2.068
2.010
2.009
2.037
1.972
1.970
1.971
1.953
2.013
1.995
1.958
1.990
1.999
2.001
2.054
2.035
2.014
2.032
1.974
1.955
1.932
1.987
1.886
2.023
2.018
2.031
2.034
2.064
1.971
1.959
1.906
1.956
1.978
1.886
1.902
1.940
1.908
1.920
1.870
1.831
1.807
1.888
1.912
1.848
1.947
1.860
1.945
1.947
1.875
1.940
1.935
1.902
1.934
1.943
1.873
1.974
1.966
1.958
2.026
2.026
1.927
1.972
1.960
1.864
1.995
1.945
2.004
1.959
1.913
1.949
1.922
1.870
1.989
1.948
1.965
1.945
1.993
1.950
1.982
1.972
1.891
1.940
1.917
1.896
1.829
1.824
1.886
1.821
1.856
1.828
1.837
1.832
1.858
1.806
1.817
1.793
1.806
1.807
1.785
1.861
1.827
1.830
1.934
1.881
1.910
1.879
1.906
1.783
1.812
1.767
1.777
1.827
1.822
1.821
1.860
1.858
1.819
1.779
1.878
1.835
1.820
1.817
1.875
1.911
1.906
2.000
1.928
1.958
1.898
1.946
1.944
1.908
1.879
1.814
1.852
1.748
1.771
1.679
1.673
1.679
1.672
1.652
1.675
1.705
1.637
1.679
1.627
1.686
1.678
1.727
1.733
1.753
1.777
1.821
1.813
1.895
1.837
1.895
1.947
1.838
1.989
1.960
1.930
2.013
1.879
1.936
1.981
1.850
1.959
1.953
1.898
1.992
2.052
2.095
1.980
2.071
2.062
2.023
2.045
2.038
1.987
2.002
1.939
2.003
1.909
1.933
1.931
1.907
2.010
1.982
1.946
1.936
1.976
1.928
1.910
1.996
1.863
1.964
1.947
1.919
1.906
1.983
1.965
1.950
1.977
1.925
1.957
1.986
1.922
1.955
1.933
1.942
1.945
1.920
1.932
1.859
1.793
1.763
1.810
1.796
1.810
1.808
1.856
1.827
1.712
1.861
1.815
1.802
1.824
1.832
1.855
1.923
1.807
1.891
1.908
1.876
1.868
1.891
1.944
1.917
1.911
1.895
1.916
1.974
1.923
1.858
1.883
1.841
1.811
1.846
1.867
1.922
1.837
1.890
1.867
1.812
1.823
1.779
1.862
1.815
1.804
1.805
1.728
1.775
1.681
1.731
1.726
1.667
1.679
1.723
1.643
1.703
1.655
1.655
1.684
1.614
1.650
1.672
1.658
1.628
1.683
1.581
1.559
1.552
1.464
1.485
1.512
1.426
1.420
1.467
1.415
1.478
1.422
1.452
1.497
1.402
1.426
1.358
1.383
1.420
1.323
1.472
1.402
1.432
1.467
1.410
1.435
1.416
1.331
1.458
1.339
1.388
1.415
1.280
1.379
1.307
1.165
1.278
1.277
1.286
1.377
1.362
1.397
1.406
1.421
1.318
1.396
1.435
1.380
1.501
1.604
1.572
1.598
1.562
1.605
1.611
1.562
1.596
1.619
1.651
1.653
1.633
1.679
1.628
1.744
1.618
1.582
1.561
1.449
1.525
1.438
1.458
1.434
1.417
1.485
1.462
1.589
1.518
1.492
1.586
1.565
1.560
1.524
1.530
1.419
1.483
1.446
1.399
1.431
1.464
1.440
1.484
1.590
1.486
1.557
1.579
1.616
1.631
1.678
1.762
1.724
1.659
1.685
1.693
1.700
1.701
1.649
1.690
1.613
1.659
1.570
1.618
1.601
1.530
1.663
1.547
1.605
1.584
1.580
1.600
1.648
1.659
1.633
1.706
1.685
1.750
1.761
1.840
1.872
1.918
1.943
1.899
1.935
1.984
1.908
1.923
1.919
1.993
1.936
1.909
1.950
1.915
1.929
1.908
1.921
1.988
1.982
1.952
2.002
1.950
1.989
1.941
2.049
1.991
2.035
1.999
2.057
2.118
2.147
2.130
2.179
2.174
2.124
2.148
2.147
2.127
2.192
2.160
2.163
2.203
2.149
2.193
2.210
2.219
2.096
2.137
2.116
2.037
2.093
2.138
2.010
2.164
2.154
2.200
2.264
2.212
2.147
2.105
2.101
2.183
2.103
2.119
2.220
2.119
2.142
2.167
2.145
2.181
2.253
2.283
2.194
2.267
2.162
2.163
2.188
2.105
2.158
2.136
2.098
2.082
2.091
2.047
2.114
1.954
2.056
2.113
1.991
1.996
2.035
1.951
2.068
2.016
2.075
2.009
1.962
2.041
1.931
1.932
1.979
1.914
1.974
1.972
1.926
1.966
1.934
1.892
1.952
2.022
2.012
2.089
2.046
2.137
2.174
2.129
2.177
2.182
2.071
2.102
2.114
1.989
2.129
2.129
2.140
2.225
2.234
2.283
2.315
2.344
2.413
2.431
2.390
2.475
2.457
2.464
2.426
2.472
2.501
2.443
2.467
2.484
2.419
2.409
2.383
2.354
2.378
2.383
2.361
2.332
2.262
2.254
2.204
2.198
2.075
2.122
2.077
2.080
2.207
2.133
2.143
2.243
2.122
2.173
2.321
2.197
2.366
2.382
2.316
2.421
2.379
2.439
2.425
2.356
2.405
2.379
2.312
2.354
2.332
2.316
2.387
2.341
2.382
2.400
2.366
2.422
2.347
2.389
2.437
2.342
2.376
2.388
2.398
2.460
2.399
2.358
2.370
2.316
2.416
2.375
2.365
2.437
2.378
2.398
2.406
2.421
2.372
2.390
2.377
2.373
2.366
2.451
2.422
2.476
2.503
2.520
2.452
2.450
2.517
2.413
2.480
2.466
2.426
2.461
2.419
2.442
2.477
2.474
2.445
2.465
2.334
2.335
2.358
2.251
2.360
2.246
2.288
2.256
2.216
2.172
2.136
2.121
2.155
2.132
2.086
2.121
2.138
2.136
2.219
2.205
2.292
2.309
2.319
2.272
2.244
2.280
2.230
2.281
2.229
2.131
2.162
2.175
2.201
2.175
2.224
2.152
2.185
2.179
2.198
2.234
2.248
2.272
2.284
2.285
2.323
2.403
2.384
2.436
2.431
2.439
2.437
2.446
2.433
2.400
2.397
2.360
2.391
2.344
2.351
2.410
2.352
2.235
2.271
2.117
2.218
2.182
2.261
2.152
2.201
2.123
2.102
2.161
2.052
2.068
2.087
1.984
2.106
2.072
2.095
2.165
2.138
2.168
2.070
2.103
2.165
2.161
2.218
2.194
2.229
2.309
2.292
2.333
2.218
2.296
2.240
2.117
2.282
2.274
2.248
2.249
2.335
2.323
2.257
2.307
2.310
2.315
2.342
2.382
2.331
2.343
2.350
2.283
2.291
2.355
2.236
2.358
2.287
2.237
2.325
2.227
2.197
2.300
2.187
2.153
2.246
2.077
2.157
2.137
2.071
2.107
2.128
2.123
2.137
2.138
2.174
2.067
2.210
2.072
2.124
2.242
2.121
2.271
2.191
2.245
2.337
2.229
2.268
2.263
2.273
2.365
2.340
2.376
2.420
2.329
2.438
2.487
2.408
2.486
2.496
2.445
2.574
2.613
2.578
2.563
2.581
2.475
2.625
2.483
2.485
2.527
2.525
2.479
2.571
2.514
2.551
2.528
2.560
2.494
2.540
2.600
2.537
2.586
2.609
2.495
2.598
2.474
2.497
2.501
2.495
2.491
2.502
2.550
2.509
2.522
2.453
2.621
2.643
2.571
2.746
2.583
2.581
2.629
2.522
2.565
2.569
2.551
2.550
2.548
2.409
2.476
2.467
2.443
2.504
2.526
2.568
2.587
2.464
2.484
2.453
2.473
2.484
2.444
2.486
2.395
2.383
2.399
2.402
2.343
2.384
2.412
2.388
2.471
2.488
2.526
2.568
2.588
2.526
2.556
2.596
2.613
2.660
2.676
2.629
2.642
2.682
2.665
2.652
2.639
2.739
2.712
2.733
2.692
2.680
2.735
2.714
2.700
2.631
2.631
2.624
2.583
2.683
2.667
2.605
2.653
2.657
2.450
2.550
2.546
2.489
2.639
2.642
2.526
2.593
2.529
2.471
2.504
2.427
2.440
2.387
2.310
2.290
2.333
2.345
2.254
2.282
2.207
2.169
2.198
2.139
2.180
2.214
2.143
2.174
2.223
2.104
2.144
2.236
2.155
2.220
2.270
2.272
2.332
2.193
2.281
2.217
2.185
2.252
2.205
2.194
2.151
2.194
2.126
2.188
2.148
2.153
2.176
2.178
2.167
2.125
2.156
2.146
2.085
2.135
2.057
2.020
1.983
1.947
2.004
1.847
1.919
1.891
1.767
1.805
1.676
1.742
1.730
1.745
1.750
1.680
1.602
1.596
1.514
1.559
1.586
1.621
1.555
1.590
1.597
1.572
1.587
1.545
1.572
1.552
1.542
1.574
1.525
1.523
1.485
1.466
1.415
1.420
1.375
1.460
1.522
1.416
1.446
1.423
1.376
1.448
1.389
1.273
1.320
1.260
1.241
1.276
1.210
1.178
1.227
1.173
1.160
1.230
1.165
1.204
1.151
1.131
1.196
1.149
1.081
1.190
1.096
1.148
1.143
1.171
1.192
1.180
1.060
1.078
1.134
1.031
1.187
1.135
1.090
1.186
1.099
1.121
1.146
1.131
1.214
1.241
1.237
1.323
1.260
1.329
1.243
1.266
1.344
1.323
1.327
1.356
1.399
1.345
1.383
1.328
1.417
1.405
1.420
1.469
1.459
1.371
1.358
1.482
1.427
1.401
1.514
1.534
1.449
1.547
1.487
1.425
1.502
1.426
1.403
1.411
1.405
1.362
1.380
1.400
1.438
1.436
1.412
1.421
1.390
1.390
1.336
1.351
1.349
1.363
1.391
1.480
1.412
1.413
1.463
1.357
1.368
1.378
1.358
1.344
1.441
1.441
1.448
1.444
1.397
1.490
1.447
1.470
1.470
1.423
1.461
1.449
1.416
1.464
1.428
1.393
1.371
1.425
1.371
1.285
1.309
1.292
1.298
1.273
1.248
1.305
1.252
1.230
1.236
1.184
1.253
1.261
1.269
1.300
1.232
1.231
1.276
1.216
1.258
1.240
1.233
1.190
1.201
1.200
1.213
1.270
1.248
1.287
1.316
1.273
1.201
1.355
1.336
1.324
1.367
1.320
1.270
1.252
1.289
1.251
1.160
1.092
1.028
1.058
1.055
0.914
0.899
0.798
1.012
0.769
0.768
0.767
0.898
0.695
0.646
0.713
0.719
0.620
0.567
0.658
0.655
0.581
0.582
0.513
0.545
0.498
0.524
0.389
0.434
0.483
0.517
0.413
0.413
0.407
0.446
0.380
0.368
0.423
0.383
0.221
0.350
0.267
0.237
0.388
0.314
0.130
0.201
0.303
0.298
0.182
0.241
0.161
0.307
0.257
0.273
0.222
0.268
0.201
0.189
0.325
0.294
0.277
0.197
0.290
0.103
0.256
0.192
0.267
0.143
0.156
0.196
0.237
0.193
0.216
0.137
0.250
0.142
0.217
0.162
0.161
0.240
0.222
0.180
0.151
0.247
0.195
0.186
0.194
0.204
0.192
0.069
0.133
0.172
0.074
0.207
0.144
0.154
0.177
0.228
0.175
0.213
0.230
0.195
0.247
0.186
0.279
0.246
0.242
0.252
0.324
0.207
0.234
0.278
0.254
0.212
0.111
0.214
0.207
0.257
0.178
0.230
0.199
0.308
0.199
0.240
0.252
0.276
0.302
0.221
0.223
0.317
0.335
0.221
0.263
0.329
0.244
0.312
0.233
0.300
0.243
0.285
0.224
0.210
0.286
0.236
0.301
0.285
0.319
0.241
0.310
0.264
0.362
0.282
0.358
0.270
0.294
0.226
0.373
0.312
0.291
0.275
0.370
0.279
0.348
0.264
0.318
0.323
0.358
0.298
0.347
0.337
0.338
0.310
0.298
0.302
0.347
0.316
0.233
0.222
0.335
0.287
0.319
0.229
0.364
0.244
0.258
0.262
0.244
0.368
0.216
0.297
0.238
0.359
0.227
0.253
0.253
0.318
0.300
0.244
0.270
0.238
0.276
0.219
0.218
0.246
0.335
0.226
0.224
0.225
0.292
0.282
0.109
0.149
0.167
0.231
0.240
0.230
0.226
0.198
0.234
0.199
0.197
0.207
0.228
0.242
0.157
0.241
0.261
0.246
0.157
0.284
0.231
0.227
0.188
0.312
0.182
0.211
0.156
0.150
0.148
0.296
0.133
0.280
0.181
0.269
0.222
0.268
0.180
0.223
0.227
0.251
0.254
0.126
0.250
0.227
0.224
0.199
0.231
0.180
0.224
0.240
0.194
0.202
0.172
0.250
0.263
0.192
0.311
0.230
0.305
0.297
0.383
0.282
0.255
0.327
0.312
0.368
0.312
0.269
0.324
0.277
0.347
0.206
0.351
0.156
0.191
0.194
0.218
0.220
0.241
0.231
0.297
0.372
0.211
0.280
0.194
0.324
0.229
0.221
0.254
0.290
0.247
0.205
0.191
0.151
0.132
0.251
0.180
0.200
0.211
0.199
0.239
0.142
0.120
0.247
0.120
0.132
0.158
0.221
0.145
0.210
0.169
0.240
0.187
0.239
0.172
0.247
0.150
0.187
0.159
0.265
0.138
0.251
0.140
0.195
0.158
0.307
0.210
0.201
0.208
0.139
0.245
0.235
0.272
0.255
0.274
0.289
0.248
0.293
0.238
0.340
0.227
0.394
0.236
0.340
0.214
0.351
0.253
0.314
0.291
0.371
0.224
0.255
0.310
0.320
0.234
0.289
0.307
0.255
0.243
0.330
0.335
0.265
0.284
0.315
0.310
0.325
0.264
0.212
0.186
0.298
0.273
0.314
0.243
0.304
0.213
0.362
0.234
0.294
0.195
0.362
0.213
0.263
0.219
0.263
0.246
0.335
0.196
0.276
0.309
0.243
0.200
0.208
0.264
0.126
0.255
0.149
0.246
0.187
0.258
0.165
0.340
0.183
0.301
0.218
0.317
0.245
0.232
0.256
0.214
0.246
0.258
0.209
0.193
0.214
0.194
0.150
0.232
0.096
0.269
0.235
0.274
0.212
0.342
0.238
0.272
0.207
0.314
0.174
0.255
0.208
0.347
0.220
0.134
0.226
0.280
0.104
0.295
0.195
0.168
0.123
0.209
0.184
0.235
0.140
0.147
0.139
0.127
0.167
0.146
0.181
0.258
0.194
0.278
0.150
0.290
0.193
0.260
0.143
0.241
0.209
0.244
0.161
0.103
0.225
0.186
0.195
0.113
0.221
0.176
0.192
0.156
0.182
0.214
0.242
0.284
0.271
0.205
0.318
0.219
0.264
0.237
0.192
0.228
0.272
0.279
0.240
0.254
0.301
0.255
0.234
0.275
0.219
0.254
0.250
0.326
0.272
0.315
0.264
0.295
0.255
0.307
0.220
0.263
0.197
0.286
0.159
0.205
0.107
0.286
0.186
0.260
0.188
0.236
0.220
0.291
0.271
0.319
0.221
0.330
0.245
0.261
0.215
0.291
0.210
0.226
0.219
0.308
0.261
0.273
0.219
0.304
0.326
0.307
0.191
0.254
0.241
0.294
0.186
0.244
0.181
0.273
0.202
0.239
0.242
0.269
0.263
0.313
0.298
0.308
0.220
0.211
0.212
0.258
0.282
0.209
0.261
0.247
0.277
0.210
0.262
0.249
0.312
0.240
0.313
0.226
0.279
0.300
0.252
0.280
0.307
0.244
0.315
0.272
0.254
0.231
0.252
0.196
0.307
0.241
0.308
0.285
0.338
0.262
0.313
0.359
0.218
0.216
0.291
0.277
0.298
0.273
0.237
0.296
0.260
0.278
0.175
0.326
0.214
0.301
0.269
0.309
0.300
0.310
0.300
0.318
0.326
0.217
0.236
0.289
0.228
0.268
0.196
0.214
0.181
0.222
0.273
0.209
0.189
0.190
0.309
0.223
0.268
0.227
0.269
0.164
0.193
0.262
0.204
0.220
0.153
0.209
0.211
0.165
0.199
0.248
0.183
0.161
0.109
0.145
0.196
0.158
0.218
0.228
0.197
0.200
0.263
0.205
0.305
0.221
0.260
0.270
0.307
0.251
0.241
0.284
0.343
0.277
0.252
0.358
0.335
0.284
0.261
0.273
0.278
0.237
0.215
0.209
0.213
0.277
0.241
0.174
0.314
0.262
0.217
0.179
0.184
0.246
0.172
0.180
0.166
0.232
0.156
0.197
0.222
0.272
0.191
0.183
0.158
0.228
0.223
0.256
0.189
0.261
0.129
0.230
0.259
0.159
0.156
0.261
0.213
0.255
0.207
0.281
0.269
0.351
0.221
0.262
0.234
0.283
0.256
0.240
0.281
0.227
0.311
0.233
0.214
0.292
0.271
0.284
0.267
0.314
0.316
0.194
0.247
0.234
0.345
0.172
0.275
0.217
0.322
0.171
0.287
0.255
0.275
0.239
0.266
0.241
0.251
0.174
0.295
0.226
0.121
0.213
0.300
0.257
0.179
0.168
0.304
0.209
0.145
0.268
0.223
0.190
0.202
0.271
0.217
0.214
0.266
0.232
0.284
0.212
0.278
0.274
0.195
0.271
0.206
0.219
0.218
0.220
0.245
0.170
0.180
0.235
0.177
0.158
0.293
0.137
0.276
0.193
0.262
0.134
0.240
0.302
0.215
0.230
0.161
0.222
0.187
0.242
0.137
0.278
0.178
0.258
0.234
0.228
0.248
0.293
0.251
0.235
0.290
0.286
0.188
0.239
0.241
0.216
0.207
0.215
0.247
0.233
0.270
0.356
0.383
0.348
0.306
0.304
0.332
0.265
0.277
0.298
0.167
0.240
0.299
0.267
0.316
0.279
0.292
0.232
0.255
0.370
0.232
0.266
0.190
0.444
0.217
0.283
0.209
0.327
0.254
0.308
0.211
0.201
0.284
0.205
0.133
0.246
0.191
0.175
0.122
0.179
0.239
0.265
0.163
0.316
0.233
0.311
0.275
0.185
0.188
0.339
0.252
0.243
0.237
0.223
0.221
0.232
0.279
0.351
0.235
0.237
0.189
0.268
0.102
0.199
0.154
0.153
0.141
0.305
0.234
0.246
0.199
0.222
0.240
0.256
0.256
0.199
0.202
0.230
0.263
0.252
0.225
0.244
0.182
0.281
0.270
0.311
0.248
0.365
0.238
0.255
0.312
0.233
0.182
0.205
0.245
0.235
0.202
0.161
0.173
0.187
0.233
0.204
0.178
0.207
0.260
0.219
0.133
0.134
0.254
0.206
0.226
0.152
0.280
0.285
0.387
0.211
0.301
0.236
0.278
0.224
0.209
0.303
0.316
0.305
0.265
0.266
0.255
0.279
0.268
0.311
0.306
0.270
0.335
0.312
0.291
0.311
0.296
0.287
0.221
0.264
0.285
0.230
0.250
0.214
0.206
0.148
0.165
0.286
0.082
0.196
0.149
0.279
0.200
0.121
0.207
0.252
0.197
0.171
0.304
0.289
0.151
0.273
0.185
0.288
0.198
0.290
0.170
0.236
0.263
0.273
0.204
0.223
0.259
0.268
0.201
0.204
0.315
0.260
0.304
0.337
0.260
0.340
0.321
0.213
0.305
0.193
0.254
0.184
0.198
0.264
0.355
0.262
0.266
0.249
0.363
0.307
0.318
0.260
0.380
0.227
0.188
0.219
0.283
0.287
0.257
0.183
0.239
0.211
0.174
0.205
0.154
0.283
0.246
0.281
0.169
0.325
0.248
0.317
0.220
0.322
0.281
0.368
0.324
0.288
0.274
0.301
0.364
0.262
0.345
0.253
0.333
0.155
0.372
0.256
0.321
0.169
0.314
0.256
0.198
0.220
0.285
0.339
0.116
0.220
0.191
0.213
0.159
0.160
0.226
0.152
0.246
0.113
0.277
0.211
0.231
0.221
0.213
0.240
0.191
0.170
0.230
0.227
0.146
0.107
0.091
0.210
0.116
0.188
0.180
0.173
0.208
0.160
0.114
0.161
0.211
0.107
0.142
0.138
0.296
0.206
0.196
0.173
0.170
0.195
0.122
0.224
0.225
0.273
0.288
0.251
0.314
0.207
0.273
0.149
0.267
0.270
0.323
0.273
0.312
0.317
0.389
0.242
0.320
0.299
0.355
0.265
0.280
0.274
0.198
0.227
0.245
0.231
0.253
0.267
0.235
0.260
0.195
0.301
0.156
0.322
0.246
0.288
0.143
0.326
0.297
0.231
0.155
0.247
0.266
0.284
0.191
0.198
0.284
0.313
0.206
0.357
0.327
0.317
0.284
0.342
0.326
0.328
0.285
0.361
0.315
0.341
0.363
0.389
0.304
0.253
0.381
0.374
0.343
0.277
0.327
0.355
0.368
0.244
0.386
0.318
0.227
0.216
0.324
0.359
0.210
0.187
0.188
0.229
0.099
0.231
0.173
0.245
0.217
0.230
0.272
0.264
0.187
0.247
0.295
0.266
0.254
0.251
0.261
0.304
0.256
0.204
0.221
0.232
0.318
0.291
0.212
0.195
0.262
0.214
0.235
0.264
0.210
0.224
0.290
0.257
0.247
0.198
0.212
0.212
0.243
0.135
0.255
0.173
0.308
0.249
0.210
0.219
0.311
0.313
0.273
0.243
0.318
0.302
0.249
0.271
0.284
0.244
0.207
0.197
0.229
0.294
0.228
0.218
0.101
0.359
0.127
0.248
0.235
0.305
0.227
0.170
0.183
0.253
0.226
0.249
0.250
0.197
0.306
0.190
0.262
0.191
0.276
0.106
0.186
0.235
0.197
0.226
0.289
0.194
0.271
0.198
0.242
0.324
0.282
0.181
0.275
0.276
0.345
0.279
0.243
0.244
0.220
0.275
0.192
0.288
0.198
0.247
0.187
0.203
0.222
0.254
0.244
0.231
0.149
0.244
0.236
0.223
0.125
0.242
0.174
0.151
0.182
0.203
0.228
0.150
0.214
0.220
0.296
0.271
0.281
0.198
0.235
0.240
0.254
0.280
0.306
0.244
0.286
0.299
0.315
0.229
0.228
0.264
0.239
0.200
0.228
0.273
0.244
0.235
0.228
0.234
0.242
0.277
0.186
0.247
0.161
0.245
0.217
0.172
0.166
0.155
0.232
0.199
0.193
0.203
0.235
0.185
0.139
0.202
0.248
0.223
0.239
0.280
0.288
0.298
0.228
0.220
0.248
0.287
0.261
0.265
0.217
0.232
0.314
0.206
0.311
0.226
0.182
0.178
0.318
0.231
0.241
0.221
0.318
0.206
0.143
0.177
0.188
0.222
0.240
0.197
0.202
0.166
0.127
0.248
0.227
0.220
0.240
0.133
0.269
0.204
0.222
0.243
0.330
0.157
0.189
0.174
0.284
0.194
0.237
0.149
0.226
0.152
0.241
0.186
0.165
0.207
0.170
0.195
0.196
0.175
0.148
0.148
0.159
0.244
0.114
0.199
0.235
0.224
0.256
0.228
0.213
0.192
0.264
0.213
0.196
0.148
0.254
0.210
0.307
0.172
0.199
0.206
0.193
0.209
0.241
0.226
0.263
0.243
0.271
0.271
0.182
0.242
0.188
0.253
0.033
0.233
0.151
0.241
0.242
0.225
0.209
0.285
0.247
0.182
0.271
0.307
0.294
0.186
0.249
0.265
0.305
0.316
0.246
0.297
0.237
0.353
0.322
0.348
0.338
0.253
0.360
0.201
0.300
0.227
0.392
0.155
0.218
0.198
0.273
0.205
0.238
0.234
0.264
0.263
0.149
0.171
0.233
0.133
0.287
0.193
0.263
0.261
0.294
0.269
0.229
0.223
0.257
0.157
0.259
0.215
0.273
0.180
0.196
0.291
0.289
0.193
0.283
0.284
0.299
0.225
0.254
0.182
0.251
0.236
0.188
0.144
0.128
0.133
0.117
0.157
0.141
0.155
0.205
0.212
0.226
0.152
0.238
0.129
0.176
0.125
0.198
0.196
0.215
0.128
0.180
0.185
0.180
0.185
0.151
0.287
0.247
0.220
0.166
0.196
0.170
0.197
0.223
0.266
0.205
0.194
0.222
0.163
0.231
0.240
0.242
0.251
0.183
0.222
0.273
0.179
0.248
0.132
0.224
0.194
0.200
0.228
0.332
0.278
0.140
0.264
0.256
0.240
0.215
0.229
0.348
0.143
0.248
0.155
0.271
0.140
0.228
0.144
0.251
0.171
0.174
0.111
0.120
0.204
0.256
0.168
0.164
0.180
0.200
0.195
0.136
0.077
0.262
0.247
0.183
0.195
0.272
0.190
0.264
0.238
0.254
0.195
0.234
0.235
0.255
0.265
0.179
0.236
0.256
0.274
0.257
0.202
0.147
0.140
0.256
0.119
0.098
0.261
0.212
0.283
0.245
0.201
0.138
0.178
0.170
0.247
0.172
0.210
0.152
0.248
0.194
0.235
0.178
0.144
0.196
0.283
0.132
0.222
0.193
0.324
0.187
0.234
0.153
0.294
0.175
0.257
0.195
0.266
0.188
0.268
0.258
0.198
0.200
0.306
0.327
0.187
0.304
0.220
0.350
0.203
0.278
0.187
0.282
0.235
0.292
0.202
0.273
0.270
0.189
0.216
0.329
0.233
0.193
0.209
0.280
0.099
0.294
0.223
0.246
0.268
0.243
0.306
0.195
0.223
0.150
0.308
0.200
0.127
0.042
0.227
0.200
0.280
0.183
0.152
0.286
0.258
0.218
0.135
0.341
0.223
0.192
0.159
0.257
0.267
0.296
0.179
0.258
0.190
0.249
0.196
0.196
0.262
0.206
0.260
0.190
0.193
0.181
0.279
0.156
0.187
0.231
0.215
0.249
0.222
0.308
0.287
0.248
0.176
0.228
0.229
0.265
0.132
0.277
0.182
0.232
0.138
0.271
0.138
0.248
0.260
0.154
0.165
0.138
0.187
0.234
0.170
0.203
0.170
0.275
0.210
0.198
0.218
0.258
0.320
0.311
0.217
0.194
0.251
0.389
0.253
0.231
0.221
0.235
0.186
0.182
0.221
0.280
0.154
0.181
0.163
0.273
0.103
0.168
0.194
0.274
0.175
0.228
0.292
0.174
0.214
0.220
0.334
0.280
0.242
0.187
0.246
0.326
0.200
0.328
0.275
0.365
0.288
0.355
0.283
0.373
0.239
0.295
0.276
0.359
0.195
0.283
0.166
0.327
0.168
0.261
0.248
0.294
0.229
0.131
0.248
0.228
0.155
0.220
0.230
0.159
0.109
0.202
0.278
0.205
0.234
0.194
0.221
0.238
0.232
0.153
0.208
0.182
0.147
0.134
0.204
0.221
0.189
0.180
0.206
0.226
0.098
0.271
0.199
0.163
0.143
0.237
0.086
0.292
0.192
0.273
0.150
0.287
0.278
0.286
0.236
0.260
0.274
0.264
0.297
0.268
0.239
0.217
0.244
0.305
0.312
0.248
0.165
0.259
0.280
0.241
0.196
0.308
0.307
0.226
0.175
0.274
0.326
0.211
0.197
0.279
0.361
0.278
0.258
0.215
0.328
0.196
0.254
0.281
0.234
0.240
0.219
0.225
0.248
0.248
0.261
0.256
0.234
0.202
0.321
0.244
0.289
0.220
0.299
0.337
0.216
0.136
0.205
0.304
0.229
0.253
0.220
0.237
0.277
0.253
0.336
0.336
0.309
0.406
0.333
0.300
0.243
0.425
0.262
0.298
0.226
0.298
0.215
0.135
0.224
0.293
0.185
0.220
0.146
0.195
0.165
0.150
0.165
0.160
0.231
0.228
0.145
0.181
0.181
0.269
0.303
0.197
0.269
0.235
0.261
0.210
0.279
0.214
0.223
0.179
0.309
0.219
0.247
0.210
0.244
0.193
0.166
0.241
0.271
0.257
0.236
0.293
0.316
0.262
0.259
0.371
0.197
0.331
0.229
0.348
0.285
0.314
0.244
0.359
0.230
0.274
0.254
0.408
0.323
0.366
0.220
0.278
0.263
0.325
0.217
0.287
0.215
0.370
0.143
0.295
0.209
0.309
0.373
0.308
0.403
0.441
0.447
0.467
0.409
0.388
0.384
0.386
0.331
0.393
0.298
0.308
0.315
0.198
0.306
0.273
0.356
0.359
0.292
0.391
0.322
0.391
0.357
0.359
0.293
0.416
0.279
0.335
0.296
0.321
0.305
0.380
0.243
0.349
0.319
0.407
0.403
0.388
0.473
0.390
0.468
0.339
0.403
0.402
0.418
0.360
0.351
0.453
0.363
0.456
0.465
0.489
0.464
0.490
0.518
0.506
0.523
0.537
0.554
0.541
0.521
0.522
0.606
0.542
0.514
0.479
0.486
0.496
0.411
0.437
0.464
0.414
0.477
0.422
0.427
0.492
0.439
0.457
0.474
0.419
0.510
0.369
0.495
0.431
0.501
0.388
0.517
0.348
0.505
0.336
0.410
0.365
0.399
0.386
0.393
0.468
0.477
0.551
0.459
0.524
0.479
0.558
0.529
0.457
0.536
0.486
0.489
0.503
0.415
0.418
0.360
0.522
0.318
0.414
0.375
0.314
0.309
0.292
0.375
0.315
0.362
0.320
0.376
0.362
0.305
0.275
0.263
0.275
0.285
0.377
0.434
0.442
0.469
0.296
0.407
0.334
0.464
0.326
0.422
0.391
0.303
0.349
0.342
0.347
0.377
0.410
0.430
0.394
0.460
0.431
0.498
0.468
0.453
0.450
0.497
0.442
0.504
0.430
0.430
0.420
0.411
0.327
0.395
0.406
0.376
0.365
0.376
0.392
0.340
0.447
0.413
0.464
0.417
0.430
0.435
0.424
0.400
0.332
0.364
0.292
0.366
0.308
0.330
0.323
0.298
0.369
0.349
0.365
0.428
0.446
0.458
0.426
0.432
0.474
0.424
0.484
0.443
0.484
0.503
0.479
0.441
0.511
0.410
0.503
0.468
0.425
0.563
0.382
0.478
0.406
0.508
0.427
0.495
0.400
0.363
0.348
0.405
0.376
0.470
0.436
0.537
0.478
0.519
0.512
0.456
0.522
0.487
0.519
0.501
0.476
0.552
0.464
0.538
0.387
0.507
0.430
0.459
0.592
0.535
0.592
0.653
0.601
0.577
0.690
0.491
0.597
0.519
0.602
0.595
0.628
0.610
0.594
0.639
0.608
0.598
0.524
0.635
0.581
0.666
0.581
0.601
0.554
0.447
0.489
0.541
0.460
0.540
0.519
0.578
0.563
0.502
0.490
0.526
0.405
0.486
0.445
0.501
0.460
0.492
0.446
0.505
0.410
0.494
0.431
0.531
0.461
0.501
0.468
0.459
0.512
0.398
0.385
0.334
0.323
0.397
0.332
0.367
0.300
0.275
0.304
0.349
0.345
0.371
0.291
0.404
0.371
0.371
0.381
0.387
0.317
0.350
0.353
0.298
0.323
0.353
0.379
0.365
0.391
0.425
0.415
0.500
0.588
0.508
0.500
0.469
0.525
0.465
0.492
0.444
0.510
0.515
0.398
0.455
0.403
0.509
0.456
0.485
0.523
0.478
0.482
0.490
0.422
0.445
0.435
0.484
0.423
0.431
0.361
0.431
0.348
0.500
0.411
0.378
0.399
0.362
0.317
0.366
0.307
0.379
0.294
0.356
0.335
0.377
0.390
0.250
0.294
0.261
0.316
0.304
0.313
0.351
0.427
0.287
0.379
0.356
0.357
0.354
0.384
0.395
0.381
0.351
0.456
0.385
0.480
0.445
0.482
0.483
0.541
0.545
0.577
0.590
0.572
0.628
0.588
0.565
0.520
0.581
0.568
0.541
0.532
0.510
0.583
0.584
0.534
0.519
0.518
0.568
0.525
0.512
0.470
0.595
0.440
0.548
0.442
0.492
0.408
0.401
0.437
0.360
0.455
0.321
0.433
0.360
0.365
0.394
0.394
0.494
0.486
0.525
0.515
0.482
0.425
0.396
0.354
0.456
0.359
0.411
0.331
0.372
0.354
0.403
0.445
0.390
0.509
0.429
0.493
0.462
0.405
0.355
0.405
0.393
0.394
0.434
0.395
0.422
0.411
0.372
0.407
0.392
0.372
0.331
0.451
0.360
0.356
0.325
0.390
0.384
0.475
0.445
0.496
0.461
0.490
0.520
0.467
0.597
0.521
0.523
0.470
0.583
0.496
0.609
0.380
0.470
0.452
0.557
0.580
0.621
0.594
0.643
0.612
0.630
0.548
0.527
0.479
0.574
0.489
0.559
0.519
0.519
0.471
0.431
0.600
0.466
0.619
0.502
0.588
0.480
0.532
0.424
0.642
0.559
0.572
0.607
0.509
0.516
0.559
0.451
0.571
0.560
0.554
0.546
0.520
0.507
0.569
0.516
0.541
0.537
0.545
0.488
0.503
0.463
0.414
0.462
0.378
0.401
0.298
0.337
0.285
0.311
0.287
0.282
0.286
0.353
0.415
0.340
0.406
0.373
0.416
0.446
0.472
0.394
0.494
0.334
0.402
0.260
0.383
0.274
0.408
0.320
0.301
0.385
0.321
0.347
0.339
0.353
0.270
0.387
0.286
0.395
0.364
0.414
0.432
0.415
0.429
0.419
0.429
0.456
0.486
0.510
0.479
0.565
0.473
0.616
0.504
0.529
0.526
0.459
0.442
0.469
0.539
0.470
0.439
0.478
0.422
0.435
0.383
0.452
0.466
0.439
0.345
0.350
0.320
0.365
0.306
0.282
0.259
0.232
0.297
0.337
0.315
0.428
0.388
0.464
0.425
0.493
0.402
0.508
0.387
0.446
0.475
0.433
0.518
0.489
0.519
0.571
0.493
0.666
0.616
0.646
0.616
0.658
0.580
0.637
0.629
0.563
0.515
0.537
0.443
0.536
0.410
0.493
0.453
0.520
0.525
0.505
0.495
0.511
0.590
0.515
0.526
0.494
0.545
0.529
0.515
0.404
0.508
0.487
0.586
0.415
0.529
0.408
0.468
0.444
0.470
0.363
0.362
0.411
0.536
0.484
0.452
0.488
0.401
0.442
0.474
0.379
0.479
0.459
0.417
0.387
0.430
0.370
0.480
0.394
0.506
0.448
0.383
0.520
0.453
0.539
0.517
0.581
0.531
0.543
0.512
0.419
0.491
0.467
0.556
0.461
0.447
0.416
0.523
0.499
0.527
0.491
0.600
0.573
0.671
0.634
0.684
0.573
0.709
0.567
0.656
0.619
0.663
0.628
0.664
0.659
0.600
0.611
0.551
0.572
0.579
0.505
0.559
0.522
0.574
0.599
0.503
0.555
0.478
0.488
0.455
0.487
0.332
0.379
0.292
0.385
0.224
0.333
0.311
0.407
0.331
0.444
0.331
0.417
0.379
0.486
0.400
0.439
0.387
0.456
0.454
0.457
0.410
0.391
0.427
0.413
0.416
0.415
0.371
0.484
0.343
0.430
0.396
0.381
0.440
0.414
0.393
0.415
0.481
0.482
0.435
0.405
0.437
0.400
0.498
0.384
0.470
0.441
0.457
0.400
0.492
0.448
0.411
0.463
0.354
0.475
0.392
0.412
0.373
0.372
0.364
0.323
0.432
0.370
0.466
0.477
0.491
0.401
0.423
0.444
0.462
0.529
0.520
0.570
0.585
0.546
0.560
0.581
0.519
0.573
0.542
0.531
0.498
0.511
0.522
0.504
0.532
0.402
0.445
0.428
0.425
0.390
0.455
0.406
0.438
0.431
0.356
0.460
0.448
0.513
0.521
0.499
0.505
0.557
0.481
0.547
0.563
0.556
0.558
0.564
0.546
0.471
0.545
0.571
0.599
0.604
0.579
0.526
0.631
0.626
0.631
0.687
0.672
0.721
0.623
0.771
0.660
0.703
0.696
0.726
0.695
0.704
0.727
0.674
0.737
0.668
0.765
0.748
0.703
0.840
0.782
0.775
0.768
0.739
0.669
0.728
0.696
0.768
0.687
0.648
0.670
0.665
0.517
0.623
0.620
0.639
0.629
0.621
0.521
0.619
0.534
0.508
0.489
0.538
0.521
0.433
0.504
0.415
0.514
0.468
0.552
0.423
0.504
0.482
0.543
0.514
0.487
0.551
0.505
0.540
0.585
0.567
0.543
0.447
0.534
0.513
0.583
0.516
0.605
0.561
0.602
0.571
0.582
0.495
0.582
0.493
0.552
0.502
0.587
0.583
0.520
0.526
0.453
0.497
0.533
0.507
0.575
0.595
0.627
0.526
0.487
0.512
0.406
0.459
0.410
0.446
0.420
0.499
0.387
0.424
0.373
0.406
0.273
0.393
0.295
0.377
0.311
0.389
0.370
0.403
0.440
0.391
0.357
0.364
0.316
0.384
0.326
0.276
0.323
0.397
0.474
0.440
0.427
0.421
0.416
0.422
0.395
0.359
0.403
0.349
0.382
0.467
0.369
0.438
0.453
0.394
0.493
0.470
0.520
0.523
0.516
0.507
0.528
0.467
0.529
0.432
0.449
0.394
0.413
0.358
0.439
0.443
0.436
0.439
0.307
0.301
0.332
0.240
0.317
0.333
0.341
0.344
0.337
0.320
0.253
0.219
0.197
0.175
0.170
0.204
0.174
0.188
0.165
0.156
0.276
0.082
0.376
0.233
0.245
0.495
0.331
0.436
0.372
0.420
0.401
0.491
0.413
0.525
0.394
0.471
0.456
0.400
0.441
0.329
0.464
0.435
0.440
0.403
0.471
0.422
0.433
0.406
0.412
0.416
0.431
0.379
0.361
0.413
0.351
0.444
0.328
0.298
0.338
0.323
0.333
0.274
0.417
0.322
0.418
0.403
0.479
0.393
0.398
0.353
0.424
0.363
0.414
0.399
0.441
0.397
0.438
0.441
0.375
0.399
0.401
0.448
0.418
0.466
0.371
0.459
0.336
0.395
0.382
0.431
0.498
0.465
0.555
0.492
0.523
0.528
0.507
0.462
0.443
0.494
0.482
0.437
0.404
0.433
0.436
0.499
0.419
0.438
0.453
0.431
0.505
0.498
0.523
0.555
0.526
0.558
0.463
0.494
0.386
0.412
0.259
0.366
0.264
0.351
0.305
0.337
0.313
0.344
0.343
0.319
0.280
0.241
0.289
0.279
0.175
0.248
0.204
0.252
0.276
0.301
0.305
0.299
0.232
0.394
0.291
0.390
0.222
0.283
0.235
0.239
0.228
0.281
0.329
0.290
0.272
0.221
0.167
0.189
0.211
0.241
0.303
0.334
0.239
0.394
0.207
0.365
0.294
0.302
0.351
0.292
0.268
0.268
0.258
0.221
0.283
0.194
0.259
0.093
0.204
0.205
0.243
0.341
0.366
0.529
0.404
0.514
0.384
0.392
0.312
0.332
0.370
0.341
0.398
0.319
0.332
0.341
0.347
0.269
0.263
0.365
0.225
0.327
0.226
0.220
0.294
0.187
0.313
0.179
0.270
0.272
0.315
0.327
0.283
0.280
0.272
0.307
0.298
0.333
0.273
0.296
0.316
0.373
0.517
0.408
0.529
0.465
0.429
0.377
0.347
0.340
0.352
0.394
0.365
0.356
0.382
0.351
0.351
0.461
0.414
0.444
0.321
0.356
0.287
0.264
0.360
0.254
0.347
0.306
0.442
0.280
0.386
0.345
0.352
0.331
0.262
0.381
0.268
0.398
0.327
0.456
0.365
0.383
0.317
0.356
0.350
0.355
0.283
0.308
0.325
0.293
0.230
0.240
0.207
0.281
0.265
0.344
0.272
0.314
0.371
0.365
0.421
0.421
0.423
0.494
0.477
0.513
0.509
0.502
0.493
0.514
0.487
0.527
0.538
0.557
0.563
0.613
0.511
0.575
0.578
0.531
0.551
0.575
0.539
0.540
0.500
0.563
0.513
0.545
0.501
0.459
0.471
0.511
0.393
0.489
0.406
0.404
0.422
0.496
0.457
0.478
0.425
0.414
0.315
0.442
0.357
0.383
0.355
0.375
0.408
0.362
0.426
0.354
0.408
0.359
0.415
0.385
0.398
0.431
0.414
0.517
0.476
0.526
0.461
0.620
0.389
0.556
0.478
0.556
0.391
0.586
0.451
0.576
0.488
0.590
0.505
0.589
0.496
0.655
0.532
0.680
0.480
0.537
0.524
0.608
0.572
0.707
0.675
0.734
0.728
0.819
0.689
0.737
0.728
0.751
0.703
0.728
0.680
0.715
0.660
0.751
0.679
0.689
0.756
0.814
0.811
0.850
0.804
0.839
0.789
0.823
0.752
0.717
0.676
0.687
0.738
0.675
0.687
0.661
0.677
0.588
0.632
0.645
0.606
0.604
0.618
0.618
0.622
0.593
0.622
0.619
0.612
0.634
0.651
0.666
0.719
0.598
0.662
0.623
0.649
0.605
0.690
0.700
0.668
0.637
0.683
0.630
0.648
0.679
0.703
0.555
0.603
0.564
0.449
0.493
0.564
0.529
0.448
0.493
0.500
0.357
0.434
0.343
0.372
0.396
0.344
0.364
0.313
0.394
0.337
0.425
0.471
0.452
0.537
0.464
0.515
0.425
0.473
0.372
0.447
0.336
0.419
0.352
0.320
0.366
0.307
0.362
0.295
0.436
0.353
0.424
0.409
0.492
0.361
0.466
0.374
0.479
0.387
0.446
0.420
0.436
0.458
0.356
0.481
0.354
0.496
0.453
0.422
0.434
0.460
0.488
0.506
0.454
0.525
0.404
0.418
0.351
0.439
0.372
0.476
0.445
0.587
0.480
0.494
0.405
0.486
0.384
0.473
0.453
0.474
0.433
0.455
0.518
0.423
0.507
0.507
0.523
0.580
0.696
0.491
0.471
0.505
0.472
0.444
0.461
0.471
0.488
0.488
0.529
0.507
0.472
0.483
0.346
0.404
0.310
0.411
0.409
0.406
0.476
0.454
0.438
0.419
0.506
0.467
0.522
0.500
0.484
0.516
0.428
0.577
0.479
0.457
0.560
0.494
0.458
0.437
0.458
0.433
0.426
0.428
0.482
0.479
0.479
0.399
0.449
0.362
0.420
0.407
0.412
0.362
0.311
0.350
0.320
0.499
0.401
0.432
0.310
0.338
0.334
0.314
0.421
0.338
0.425
0.438
0.467
0.499
0.463
0.485
0.520
0.474
0.466
0.411
0.534
0.404
0.526
0.432
0.528
0.502
0.626
0.495
0.556
0.567
0.583
0.498
0.558
0.591
0.599
0.547
0.577
0.553
0.695
0.507
0.604
0.564
0.570
0.526
0.563
0.497
0.628
0.563
0.600
0.516
0.445
0.490
0.391
0.557
0.523
0.611
0.682
0.600
0.664
0.609
0.753
0.636
0.790
0.666
0.783
0.730
0.815
0.759
0.738
0.640
0.688
0.651
0.654
0.616
0.652
0.714
0.658
0.622
0.634
0.628
0.737
0.685
0.699
0.579
0.657
0.611
0.560
0.576
0.617
0.575
0.582
0.529
0.535
0.484
0.473
0.421
0.444
0.403
0.472
0.454
0.437
0.465
0.552
0.469
0.477
0.455
0.477
0.551
0.413
0.475
0.411
0.500
0.442
0.493
0.468
0.498
0.470
0.438
0.494
0.516
0.440
0.531
0.479
0.522
0.428
0.328
0.472
0.407
0.525
0.516
0.633
0.544
0.604
0.494
0.556
0.497
0.586
0.534
0.565
0.545
0.583
0.531
0.573
0.561
0.529
0.542
0.538
0.553
0.523
0.513
0.546
0.544
0.524
0.478
0.418
0.392
0.461
0.316
0.406
0.418
0.411
0.371
0.412
0.399
0.430
0.409
0.484
0.426
0.453
0.470
0.443
0.424
0.382
0.433
0.480
0.434
0.454
0.416
0.448
0.324
0.415
0.370
0.438
0.378
0.399
0.392
0.415
0.432
0.463
0.454
0.513
0.524
0.442
0.403
0.413
0.444
0.418
0.487
0.486
0.496
0.543
0.557
0.533
0.492
0.456
0.479
0.481
0.447
0.516
0.461
0.559
0.491
0.457
0.473
0.484
0.480
0.517
0.509
0.541
0.571
0.580
0.535
0.609
0.601
0.520
0.660
0.601
0.567
0.581
0.520
0.535
0.549
0.497
0.609
0.467
0.604
0.493
0.589
0.536
0.641
0.524
0.564
0.492
0.471
0.531
0.493
0.519
0.466
0.444
0.488
0.446
0.470
0.394
0.413
0.357
0.382
0.298
0.270
0.310
0.337
0.395
0.379
0.404
0.392
0.438
0.399
0.363
0.404
0.412
0.329
0.488
0.413
0.542
0.492
0.496
0.490
0.519
0.414
0.485
0.455
0.564
0.519
0.568
0.537
0.477
0.500
0.461
0.584
0.461
0.498
0.451
0.518
0.444
0.503
0.494
0.370
0.455
0.357
0.483
0.472
0.495
0.505
0.494
0.508
0.553
0.464
0.425
0.456
0.467
0.371
0.505
0.331
0.429
0.334
0.437
0.414
0.346
0.364
0.316
0.323
0.233
0.300
0.291
0.220
0.272
0.393
0.266
0.412
0.372
0.375
0.359
0.356
0.385
0.339
0.435
0.378
0.341
0.394
0.314
0.422
0.282
0.323
0.307
0.375
0.360
0.450
0.423
0.432
0.469
0.459
0.429
0.359
0.371
0.265
0.391
0.349
0.414
0.420
0.467
0.552
0.521
0.527
0.565
0.552
0.568
0.550
0.651
0.646
0.593
0.587
0.578
0.594
0.537
0.556
0.562
0.535
0.557
0.534
0.520
0.449
0.416
0.461
0.469
0.362
0.337
0.290
0.389
0.304
0.375
0.271
0.288
0.253
0.247
0.257
0.307
0.353
0.214
0.271
0.224
0.246
0.226
0.225
0.265
0.151
0.199
0.164
0.200
0.249
0.283
0.376
0.418
0.459
0.460
0.558
0.581
0.556
0.471
0.549
0.442
0.463
0.520
0.430
0.578
0.427
0.622
0.442
0.664
0.480
0.651
0.589
0.684
0.573
0.595
0.622
0.524
0.600
0.459
0.647
0.426
0.637
0.465
0.462
0.596
0.277
0.660
0.238
0.680
0.325
0.652
0.312
0.551
0.400
0.392
0.501
0.339
0.576
0.268
0.459
0.303
0.384
0.334
0.249
0.355
0.174
0.359
0.128
0.353
0.155
0.268
0.384
0.243
0.655
0.114
0.796
0.096
0.791
0.177
0.680
0.454
0.579
0.744
0.489
0.945
0.422
0.984
0.537
0.914
0.671
0.745
0.753
0.692
0.864
0.635
0.896
0.667
0.923
0.687
0.910
0.703
0.900
0.715
0.916
0.783
0.894
0.809
0.918
0.824
0.984
0.766
1.082
0.818
1.061
0.849
0.983
0.922
0.947
0.983
0.881
1.148
0.791
1.240
0.681
1.244
0.730
1.259
0.873
1.257
0.953
1.267
0.954
1.237
1.027
1.209
1.207
1.222
1.299
1.192
1.312
1.191
1.243
1.314
1.157
1.336
1.085
1.402
1.084
1.327
1.141
1.225
1.096
1.225
1.071
1.277
1.141
1.176
1.169
1.143
1.183
1.068
1.133
1.016
1.054
0.919
1.113
0.837
1.169
0.866
1.166
0.998
1.054
1.156
1.049
1.261
1.062
1.329
1.130
1.326
1.158
1.372
1.151
1.269
1.143
1.199
1.148
1.201
1.214
1.256
1.177
1.220
1.096
1.198
1.078
1.202
1.072
1.134
1.104
1.115
1.064
1.106
1.086
1.116
1.093
1.055
1.047
1.043
1.077
0.969
1.073
0.961
0.996
0.970
0.940
1.065
0.893
1.063
0.837
0.969
0.795
0.896
0.891
0.846
0.939
0.793
1.003
0.789
1.023
0.763
0.950
0.806
0.838
0.964
0.775
1.011
0.635
1.002
0.551
0.971
0.549
0.800
0.569
0.664
0.587
0.637
0.532
0.613
0.426
0.647
0.425
0.660
0.452
0.665
0.460
0.621
0.539
0.547
0.685
0.444
0.641
0.425
0.632
0.329
0.575
0.300
0.538
0.366
0.422
0.568
0.333
0.663
0.281
0.667
0.271
0.804
0.241
0.847
0.270
0.792
0.273
0.697
0.390
0.621
0.563
0.542
0.692
0.498
0.735
0.530
0.786
0.597
0.722
0.792
0.718
0.877
0.805
0.854
0.817
0.829
0.770
0.772
0.759
0.741
0.749
0.758
0.656
0.719
0.691
0.712
0.727
0.658
0.731
0.582
0.805
0.514
0.883
0.511
0.886
0.485
0.818
0.517
0.775
0.604
0.691
0.574
0.608
0.623
0.513
0.686
0.440
0.707
0.500
0.709
0.572
0.775
0.600
0.771
0.581
0.841
0.628
0.867
0.583
0.821
0.551
0.827
0.580
0.770
0.655
0.649
0.724
0.511
0.700
0.461
0.631
0.505
0.515
0.573
0.502
0.613
0.386
0.634
0.401
0.618
0.386
0.644
0.385
0.670
0.416
0.689
0.358
0.582
0.365
0.490
0.494
0.480
0.572
0.476
0.670
0.413
0.718
0.457
0.709
0.583
0.688
0.629
0.577
0.650
0.484
0.670
0.417
0.657
0.453
0.639
0.484
0.609
0.544
0.535
0.524
0.477
0.487
0.441
0.460
0.452
0.360
0.468
0.306
0.451
0.332
0.472
0.380
0.530
0.343
0.554
0.409
0.560
0.391
0.572
0.439
0.485
0.436
0.448
0.477
0.415
0.498
0.428
0.549
0.435
0.569
0.394
0.544
0.382
0.507
0.415
0.515
0.480
0.633
0.523
0.690
0.534
0.712
0.530
0.701
0.524
0.721
0.499
0.723
0.485
0.722
0.538
0.713
0.559
0.630
0.563
0.657
0.636
0.689
0.651
0.665
0.688
0.633
0.687
0.607
0.688
0.576
0.642
0.624
0.608
0.726
0.583
0.772
0.623
0.762
0.712
0.755
0.811
0.685
0.862
0.722
0.872
0.716
0.856
0.755
0.800
0.759
0.731
0.739
0.665
0.833
0.682
0.843
0.791
0.735
0.877
0.638
0.963
0.626
0.921
0.712
0.894
0.807
0.869
0.805
0.826
0.815
0.747
0.899
0.763
0.947
0.672
0.865
0.655
0.822
0.681
0.806
0.703
0.747
0.825
0.744
0.823
0.722
0.857
0.772
0.976
0.801
1.099
0.771
1.106
0.851
1.180
0.779
1.277
0.888
1.267
0.978
1.188
0.936
1.139
0.982
1.043
0.970
0.938
1.013
0.886
1.113
0.842
1.128
0.795
1.023
0.852
0.883
0.918
0.781
1.009
0.732
1.024
0.761
1.016
0.758
0.931
0.720
0.828
0.787
0.732
0.827
0.599
0.779
0.531
0.762
0.454
0.706
0.526
0.637
0.624
0.609
0.574
0.645
0.509
0.666
0.468
0.671
0.554
0.652
0.644
0.610
0.710
0.590
0.732
0.623
0.747
0.626
0.804
0.669
0.790
0.754
0.746
0.782
0.681
0.801
0.719
0.807
0.738
0.819
0.854
0.709
0.815
0.705
0.737
0.698
0.656
0.706
0.619
0.709
0.628
0.705
0.667
0.610
0.709
0.670
0.668
0.786
0.621
0.831
0.565
0.833
0.563
0.876
0.621
0.777
0.655
0.692
0.651
0.629
0.677
0.528
0.741
0.477
0.714
0.446
0.708
0.427
0.662
0.412
0.630
0.404
0.586
0.455
0.505
0.538
0.469
0.665
0.396
0.700
0.407
0.662
0.471
0.562
0.596
0.531
0.709
0.430
0.749
0.467
0.678
0.597
0.575
0.667
0.536
0.681
0.517
0.719
0.514
0.765
0.583
0.791
0.678
0.753
0.729
0.801
0.731
0.851
0.737
0.758
0.736
0.720
0.698
0.663
0.684
0.662
0.701
0.635
0.693
0.604
0.581
0.786
0.436
0.845
0.410
0.780
0.431
0.658
0.475
0.561
0.512
0.514
0.602
0.472
0.668
0.443
0.659
0.480
0.691
0.561
0.710
0.592
0.648
0.610
0.595
0.623
0.526
0.612
0.471
0.511
0.503
0.464
0.560
0.444
0.569
0.430
0.570
0.430
0.609
0.501
0.581
0.530
0.559
0.587
0.608
0.519
0.691
0.553
0.645
0.576
0.621
0.502
0.661
0.473
0.645
0.466
0.632
0.601
0.597
0.730
0.558
0.840
0.526
0.867
0.599
0.852
0.711
0.860
0.738
0.865
0.720
0.809
0.734
0.755
0.817
0.757
0.842
0.769
0.895
0.820
0.821
0.885
0.765
0.923
0.771
0.875
0.756
0.878
0.699
0.904
0.706
0.942
0.736
0.902
0.805
0.874
0.888
0.797
0.979
0.797
0.933
0.767
0.858
0.770
0.758
0.879
0.672
0.905
0.627
0.935
0.548
0.922
0.526
0.871
0.545
0.837
0.583
0.841
0.655
0.703
0.799
0.514
0.996
0.414
1.066
0.435
1.028
0.461
0.885
0.577
0.724
0.765
0.658
0.813
0.555
0.844
0.542
0.848
0.686
0.810
0.824
0.736
0.949
0.644
1.030
0.637
1.084
0.646
1.096
0.751
1.044
0.892
0.890
0.993
0.839
1.034
0.797
0.977
0.795
0.904
0.845
0.855
0.900
0.754
0.935
0.681
0.922
0.713
0.872
0.749
0.817
0.877
0.725
1.018
0.608
1.030
0.601
0.974
0.598
0.916
0.606
0.895
0.718
0.820
0.795
0.789
0.817
0.867
0.786
0.961
0.670
0.869
0.645
0.850
0.698
0.863
0.735
0.944
0.792
0.986
0.879
0.980
0.927
0.996
0.951
0.990
0.905
1.081
0.881
1.171
0.854
1.151
0.900
1.011
0.995
0.917
1.051
0.952
1.001
1.099
0.974
1.208
0.914
1.265
0.879
1.216
0.892
1.156
0.983
1.147
1.072
1.061
1.218
0.981
1.294
0.973
1.204
1.019
1.040
1.126
0.871
1.314
0.733
1.336
0.694
1.275
0.665
1.150
0.727
1.060
0.763
0.984
0.862
0.902
0.893
0.934
0.989
1.008
1.035
1.069
1.064
1.169
1.085
1.158
1.071
1.084
1.128
1.091
1.150
1.087
1.034
1.050
0.994
1.037
0.880
1.074
0.930
1.033
0.945
1.064
0.988
1.134
0.982
1.195
1.057
1.150
1.130
1.106
1.196
0.992
1.265
1.013
1.365
1.062
1.387
1.091
1.387
1.149
1.334
1.223
1.347
1.321
1.278
1.348
1.300
1.313
1.307
1.333
1.323
1.266
1.269
1.253
1.209
1.176
1.192
1.096
1.204
0.978
1.213
0.920
1.237
0.960
1.074
1.059
0.937
1.114
0.810
1.067
0.836
0.956
0.809
0.865
0.835
0.824
0.853
0.739
0.920
0.722
0.964
0.764
0.950
0.785
0.999
0.736
0.986
0.726
0.926
0.720
0.881
0.722
0.817
0.752
0.777
0.721
0.805
0.720
0.809
0.677
0.882
0.562
0.924
0.411
0.815
0.323
0.803
0.371
0.741
0.476
0.724
0.543
0.649
0.654
0.611
0.750
0.584
0.735
0.543
0.766
0.563
0.749
0.564
0.654
0.601
0.634
0.652
0.588
0.578
0.629
0.551
0.702
0.502
0.704
0.416
0.626
0.466
0.563
0.593
0.525
0.629
0.550
0.582
0.534
0.521
0.532
0.449
0.481
0.389
0.452
0.460
0.385
0.540
0.442
0.624
0.495
0.579
0.553
0.544
0.616
0.546
0.571
0.498
0.647
0.569
0.688
0.597
0.637
0.640
0.545
0.707
0.501
0.716
0.496
0.778
0.589
0.823
0.664
0.799
0.757
0.771
0.806
0.789
0.882
0.789
0.899
0.795
0.890
0.784
0.898
0.817
0.951
0.797
1.023
0.705
0.992
0.694
0.929
0.676
0.810
0.716
0.666
0.774
0.514
0.803
0.450
0.831
0.440
0.755
0.535
0.675
0.630
0.588
0.693
0.538
0.764
0.502
0.779
0.479
0.645
0.582
0.540
0.669
0.500
0.758
0.509
0.781
0.542
0.877
0.553
0.904
0.542
0.872
0.630
0.840
0.773
0.797
0.853
0.801
0.956
0.794
1.005
0.873
0.835
0.959
0.734
1.022
0.679
0.965
0.817
0.828
0.894
0.867
0.985
0.881
1.014
0.848
1.107
0.819
1.107
0.734
1.067
0.700
0.970
0.685
0.879
0.756
0.926
0.932
0.889
1.042
0.896
1.128
0.904
1.112
0.824
1.180
0.846
1.133
0.836
1.053
0.905
0.981
0.915
0.931
0.955
0.839
1.000
0.834
1.016
0.902
0.903
0.911
0.891
0.918
0.862
0.892
0.850
0.832
0.863
0.865
0.877
0.886
0.900
0.819
0.913
0.861
0.894
0.937
0.904
0.978
0.847
1.024
0.780
0.955
0.733
0.871
0.691
0.856
0.700
0.843
0.811
0.841
0.814
0.866
0.873
0.809
0.825
0.709
0.910
0.715
0.943
0.805
0.937
0.849
1.026
0.833
1.136
0.862
1.142
0.923
1.025
0.915
0.935
1.003
0.965
1.017
1.037
1.069
1.088
1.095
1.071
1.039
1.156
0.892
1.190
0.794
1.180
0.859
1.133
0.960
1.074
1.016
1.004
1.057
0.964
1.179
0.940
1.158
1.019
1.130
1.118
1.117
1.160
1.151
1.129
1.196
1.088
1.205
0.964
1.290
0.923
1.356
0.909
1.334
0.916
1.267
0.961
1.189
1.038
1.083
1.079
1.064
1.116
1.019
1.136
1.040
1.163
1.025
1.185
1.003
1.321
1.041
1.363
1.010
1.329
0.872
1.299
0.856
1.238
0.921
1.150
1.036
1.098
1.014
1.048
0.950
1.088
0.905
1.090
0.917
1.087
0.875
1.010
0.873
0.933
0.916
0.882
0.957
0.873
0.940
0.930
0.915
0.963
0.930
1.012
0.961
0.969
0.993
0.899
0.994
0.901
0.977
0.961
0.974
0.910
0.983
0.857
1.038
0.843
1.106
0.879
1.160
0.941
1.179
0.930
1.167
0.941
1.117
0.968
1.081
0.963
1.144
0.940
1.198
0.907
1.245
0.968
1.254
0.993
1.214
1.096
1.082
1.216
0.940
1.245
0.859
1.234
0.833
1.177
0.861
1.196
0.913
1.164
0.927
1.076
0.970
0.994
1.062
0.888
1.085
0.807
1.177
0.768
1.135
0.811
1.045
0.921
0.954
1.047
0.904
1.124
0.956
1.171
1.005
1.184
1.002
1.227
1.017
1.230
1.054
1.147
1.097
1.026
1.029
0.886
1.000
0.827
0.968
0.791
0.991
0.756
1.037
0.813
0.966
0.862
0.933
0.847
0.961
0.861
0.957
0.878
0.981
0.874
0.945
0.878
1.000
0.885
0.991
0.850
1.016
0.853
1.110
0.863
1.162
0.848
1.225
0.841
1.035
0.888
0.950
0.943
0.845
0.912
0.845
0.903
0.841
0.944
0.818
0.906
0.844
0.864
0.906
0.939
1.001
0.981
1.050
1.094
1.037
1.069
1.122
0.994
1.132
0.962
1.248
0.953
1.314
0.879
1.369
0.797
1.265
0.848
1.201
0.917
1.180
1.006
1.136
1.163
0.997
1.307
0.963
1.415
1.009
1.390
1.074
1.350
1.218
1.241
1.311
1.183
1.378
1.171
1.324
1.161
1.261
1.142
1.182
1.160
1.186
1.180
1.221
1.218
1.334
1.256
1.379
1.231
1.371
1.300
1.332
1.302
1.247
1.413
1.133
1.424
1.108
1.413
1.157
1.380
1.238
1.388
1.433
1.252
1.500
1.181
1.613
1.155
1.598
1.268
1.513
1.335
1.433
1.395
1.394
1.453
1.401
1.415
1.408
1.416
1.477
1.358
1.557
1.409
1.484
1.463
1.392
1.498
1.358
1.561
1.346
1.519
1.319
1.487
1.387
1.410
1.347
1.419
1.278
1.374
1.157
1.319
1.178
1.234
1.178
1.214
1.138
1.140
1.168
1.072
1.140
1.048
1.093
1.053
1.063
1.134
1.068
1.158
0.969
1.203
0.816
1.208
0.752
1.086
0.790
0.967
0.829
0.947
0.866
0.910
0.910
0.865
0.999
0.840
1.076
0.784
1.136
0.768
1.047
0.818
0.957
0.946
0.826
1.088
0.753
1.220
0.723
1.236
0.824
1.268
0.947
1.261
0.968
1.326
1.071
1.315
1.067
1.300
1.076
1.225
1.158
1.203
1.240
1.182
1.296
1.184
1.268
1.208
1.275
1.145
1.326
1.123
1.268
1.159
1.151
1.215
1.100
1.219
1.043
1.246
0.999
1.157
0.984
1.093
0.963
1.080
0.997
1.096
1.040
1.184
1.102
1.189
1.146
1.157
1.231
1.121
1.254
1.029
1.301
1.042
1.229
1.113
1.172
1.256
1.117
1.270
1.154
1.261
1.103
1.263
1.046
1.258
1.027
1.268
0.957
1.232
0.904
1.044
0.924
0.871
0.963
0.786
0.965
0.786
0.948
0.729
0.927
0.760
0.854
0.777
0.803
0.890
0.800
0.920
0.729
0.905
0.683
0.889
0.672
0.924
0.724
0.947
0.740
1.001
0.749
1.031
0.824
1.019
0.912
0.913
0.985
0.864
1.089
0.848
1.040
0.926
0.958
1.028
0.857
1.169
0.798
1.195
0.792
1.240
0.848
1.163
0.934
1.079
1.013
0.997
1.051
0.892
1.116
0.768
1.114
0.725
1.040
0.713
1.044
0.802
1.050
0.955
0.959
1.122
0.876
1.199
0.936
1.134
1.050
1.049
1.099
1.078
1.170
1.059
1.262
1.017
1.338
1.060
1.414
1.121
1.357
1.196
1.281
1.274
1.149
1.356
1.097
1.381
1.068
1.251
1.110
1.197
1.109
1.083
1.105
1.107
1.167
1.210
1.188
1.248
1.146
1.240
1.107
1.232
1.098
1.228
1.127
1.257
1.144
1.290
1.217
1.281
1.225
1.326
1.279
1.272
1.354
1.222
1.390
1.144
1.394
1.141
1.348
1.093
1.291
0.999
1.243
1.035
1.167
0.991
1.128
0.975
1.138
0.978
1.128
0.918
1.127
0.938
1.185
0.990
1.180
1.202
1.088
1.335
1.078
1.445
1.124
1.401
1.170
1.315
1.173
1.239
1.169
1.207
1.146
1.259
1.117
1.266
1.038
1.240
1.066
1.179
1.122
1.110
1.102
1.141
1.039
1.224
1.026
1.183
1.045
1.138
0.974
1.079
1.034
0.984
1.059
0.996
1.070
0.993
1.080
1.014
1.123
0.981
1.129
0.961
1.138
1.026
1.113
1.096
1.147
1.086
1.147
1.166
1.032
1.300
0.975
1.386
0.944
1.364
0.987
1.214
1.044
1.152
1.144
1.172
1.218
1.219
1.210
1.302
1.305
1.300
1.375
1.281
1.360
1.265
1.445
1.338
1.435
1.321
1.382
1.330
1.286
1.394
1.208
1.453
1.139
1.403
1.033
1.400
1.031
1.392
0.988
1.348
1.001
1.209
1.052
1.090
1.083
1.071
1.083
1.142
1.150
1.139
1.106
1.137
1.155
1.169
1.120
1.154
1.094
1.200
1.141
1.163
1.141
1.092
1.167
1.038
1.198
0.947
1.259
0.793
1.266
0.757
1.275
0.776
1.273
0.847
1.218
0.875
1.207
0.950
1.198
0.982
1.097
1.013
1.035
1.104
0.950
1.156
1.024
1.082
1.015
1.081
0.986
0.966
0.944
0.960
0.999
1.048
1.098
1.072
1.102
1.146
1.118
1.149
1.102
1.045
1.055
1.087
0.994
1.016
0.954
0.906
0.945
0.919
0.861
0.926
0.894
0.867
0.876
0.901
0.945
0.927
0.922
0.954
0.936
0.942
1.046
1.019
0.969
0.995
1.029
1.054
0.998
1.027
1.044
0.953
1.007
0.995
0.932
0.935
1.021
0.952
0.962
0.953
0.874
0.854
0.867
0.762
0.823
0.740
0.721
0.727
0.689
0.732
0.623
0.605
0.545
0.562
0.596
0.550
0.610
0.595
0.647
0.647
0.594
0.571
0.520
0.480
0.489
0.389
0.379
0.368
0.316
0.380
0.359
0.344
0.376
0.364
0.391
0.340
0.371
0.404
0.359
0.392
0.335
0.368
0.408
0.441
0.470
0.497
0.578
0.588
0.560
0.603
0.667
0.535
0.544
0.546
0.491
0.480
0.431
0.481
0.393
0.320
0.439
0.366
0.338
0.380
0.370
0.368
0.398
0.475
0.463
0.463
0.507
0.566
0.575
0.585
0.583
0.522
0.564
0.570
0.512
0.527
0.498
0.471
0.448
0.439
0.468
0.520
0.505
0.534
0.460
0.509
0.529
0.492
0.518
0.492
0.551
0.469
0.464
0.454
0.411
0.411
0.490
0.501
0.481
0.559
0.527
0.480
0.447
0.503
0.437
0.361
0.443
0.386
0.425
0.443
0.465
0.514
0.534
0.632
0.560
0.634
0.575
0.672
0.647
0.633
0.581
0.607
0.618
0.550
0.530
0.540
0.655
0.703
0.688
0.662
0.669
0.616
0.615
0.601
0.556
0.444
0.436
0.505
0.491
0.613
0.490
0.465
0.491
0.412
0.419
0.452
0.460
0.475
0.361
0.397
0.383
0.377
0.425
0.435
0.357
0.309
0.308
0.344
0.315
0.311
0.352
0.374
0.369
0.380
0.426
0.407
0.285
0.248
0.342
0.357
0.267
0.405
0.419
0.382
0.459
0.432
0.445
0.442
0.338
0.398
0.385
0.485
0.474
0.474
0.541
0.598
0.581
0.577
0.587
0.523
0.546
0.563
0.539
0.578
0.582
0.482
0.613
0.625
0.574
0.665
0.695
0.591
0.574
0.617
0.560
0.570
0.692
0.648
0.623
0.634
0.601
0.646
0.741
0.660
0.649
0.621
0.577
0.565
0.495
0.433
0.475
0.430
0.417
0.457
0.411
0.391
0.426
0.380
0.327
0.367
0.413
0.440
0.449
0.487
0.459
0.556
0.573
0.498
0.565
0.635
0.528
0.530
0.571
0.516
0.556
0.602
0.588
0.611
0.636
0.604
0.539
0.538
0.508
0.550
0.628
0.635
0.597
0.654
0.684
0.634
0.660
0.651
0.626
0.656
0.658
0.647
0.691
0.682
0.700
0.651
0.680
0.667
0.589
0.674
0.634
0.611
0.628
0.641
0.611
0.633
0.605
0.611
0.629
0.557
0.622
0.633
0.590
0.649
0.741
0.687
0.777
0.803
0.785
0.743
0.732
0.761
0.767
0.721
0.731
0.820
0.830
0.806
0.921
0.887
0.961
0.893
0.902
0.910
0.888
0.858
0.926
0.899
0.834
0.944
0.891
0.846
1.012
0.960
0.976
1.012
0.941
1.004
1.026
1.002
0.952
0.935
0.985
0.969
0.872
0.973
0.957
0.901
0.920
0.897
0.916
0.978
0.958
1.042
1.097
1.072
1.121
1.166
1.098
1.113
1.171
1.239
1.256
1.191
1.117
1.111
1.107
1.120
1.113
1.074
1.104
1.088
1.028
1.052
1.124
1.073
1.085
1.122
1.002
1.031
1.077
1.002
0.985
1.058
1.088
1.070
1.077
1.079
1.065
1.046
0.973
1.068
1.018
0.996
0.959
1.014
0.990
0.950
0.946
0.986
1.023
1.019
0.951
0.882
0.921
0.938
0.897
0.908
0.875
0.878
0.895
0.969
0.970
1.018
1.030
1.037
1.115
1.221
1.168
1.195
1.212
1.247
1.289
1.262
1.200
1.162
1.194
1.213
1.168
1.252
1.298
1.231
1.253
1.319
1.344
1.321
1.320
1.361
1.382
1.399
1.503
1.419
1.522
1.610
1.542
1.477
1.517
1.454
1.480
1.476
1.488
1.459
1.401
1.440
1.477
1.496
1.372
1.436
1.433
1.407
1.419
1.398
1.403
1.427
1.496
1.528
1.452
1.409
1.486
1.498
1.518
1.443
1.479
1.496
1.469
1.456
1.400
1.464
1.515
1.488
1.506
1.527
1.461
1.478
1.421
1.387
1.352
1.386
1.380
1.399
1.309
1.221
1.313
1.265
1.326
1.371
1.352
1.395
1.452
1.359
1.368
1.394
1.443
1.476
1.502
1.416
1.489
1.465
1.446
1.540
1.454
1.507
1.535
1.505
1.556
1.614
1.674
1.667
1.661
1.627
1.671
1.573
1.548
1.587
1.581
1.517
1.523
1.538
1.516
1.526
1.577
1.645
1.581
1.533
1.616
1.612
1.550
1.580
1.603
1.499
1.509
1.486
1.546
1.503
1.529
1.500
1.524
1.503
1.488
1.551
1.528
1.425
1.444
1.471
1.496
1.468
1.373
1.385
1.333
1.319
1.289
1.254
1.243
1.233
1.240
1.280
1.305
1.209
1.331
1.366
1.229
1.258
1.305
1.339
1.350
1.363
1.339
1.316
1.344
1.394
1.291
1.275
1.367
1.258
1.354
1.397
1.378
1.340
1.397
1.433
1.417
1.480
1.472
1.431
1.390
1.384
1.410
1.406
1.376
1.388
1.329
1.405
1.414
1.381
1.387
1.377
1.353
1.432
1.391
1.385
1.404
1.366
1.308
1.316
1.197
1.181
1.154
1.265
1.204
1.176
1.177
1.201
1.174
1.128
1.198
1.228
1.271
1.252
1.244
1.288
1.229
1.257
1.308
1.268
1.256
1.242
1.261
1.247
1.253
1.242
1.208
1.237
1.146
1.276
1.221
1.202
1.210
1.245
1.241
1.253
1.286
1.236
1.215
1.238
1.296
1.270
1.253
1.197
1.233
1.258
1.260
1.252
1.299
1.226
1.261
1.321
1.326
1.331
1.309
1.355
1.289
1.235
1.248
1.238
1.326
1.320
1.394
1.460
1.376
1.375
1.473
1.518
1.438
1.367
1.330
1.272
1.304
1.261
1.265
1.196
1.144
1.219
1.143
1.187
1.213
1.241
1.146
1.145
1.135
1.145
1.190
1.143
1.135
1.220
1.171
1.119
1.146
1.192
1.137
1.157
1.187
1.247
1.266
1.232
1.218
1.342
1.391
1.264
1.282
1.325
1.248
1.409
1.329
1.361
1.408
1.515
1.522
1.457
1.461
1.410
1.435
1.449
1.491
1.449
1.468
1.547
1.494
1.442
1.436
1.450
1.512
1.570
1.556
1.565
1.547
1.533
1.507
1.529
1.523
1.484
1.550
1.544
1.469
1.481
1.484
1.591
1.626
1.549
1.607
1.571
1.556
1.511
1.569
1.602
1.587
1.547
1.529
1.562
1.543
1.653
1.659
1.691
1.755
1.776
1.816
1.838
1.841
1.760
1.810
1.850
1.916
1.960
1.918
1.911
1.973
1.925
1.968
1.978
2.049
2.117
2.027
2.108
2.114
2.060
2.049
2.086
2.121
2.195
2.188
2.179
2.156
2.204
2.186
2.214
2.192
2.182
2.143
2.042
2.083
2.106
2.015
2.042
2.057
2.077
2.123
2.102
2.070
2.005
2.078
2.038
2.036
2.082
2.091
1.993
1.994
2.041
2.038
2.062
2.073
1.995
2.021
2.095
2.003
2.090
2.073
2.020
2.044
2.132
2.175
2.110
2.102
2.105
2.131
2.086
2.108
2.056
2.110
2.137
2.065
2.095
2.055
2.043
2.046
2.057
2.094
2.176
2.102
2.111
2.121
2.115
2.118
2.103
2.106
2.064
2.085
2.116
2.071
2.131
2.152
2.154
2.257
2.209
2.249
2.283
2.321
2.327
2.268
2.171
2.277
2.239
2.154
2.176
2.250
2.293
2.308
2.272
2.316
2.289
2.342
2.291
2.250
2.301
2.321
2.296
2.237
2.236
2.321
2.191
2.274
2.261
2.243
2.256
2.249
2.285
2.303
2.200
2.297
2.318
2.265
2.339
2.297
2.366
2.395
2.340
2.421
2.434
2.402
2.403
2.397
2.355
2.375
2.372
2.375
2.383
2.419
2.365
2.431
2.392
2.355
2.393
2.328
2.301
2.392
2.427
2.348
2.404
2.271
2.252
2.194
2.185
2.209
2.183
2.167
2.213
2.262
2.144
2.204
2.279
2.305
2.197
2.263
2.228
2.247
2.404
2.389
2.404
2.411
2.425
2.365
2.285
2.410
2.390
2.367
2.319
2.349
2.324
2.227
2.237
2.318
2.249
2.359
2.276
2.244
2.218
2.317
2.250
2.219
2.225
2.160
2.148
2.132
2.172
2.268
2.196
2.287
2.337
2.281
2.304
2.400
2.372
2.376
2.397
2.395
2.416
2.463
2.466
2.455
2.579
2.547
2.567
2.532
2.533
2.572
2.545
2.539
2.568
2.502
2.483
2.509
2.484
2.417
2.509
2.499
2.490
2.417
2.430
2.544
2.471
2.432
2.483
2.455
2.501
2.492
2.472
2.561
2.522
2.514
2.608
2.531
2.425
2.463
2.532
2.424
2.352
2.523
2.507
2.532
2.610
2.553
2.479
2.488
2.414
2.390
2.479
2.484
2.458
2.460
2.436
2.437
2.509
2.475
2.548
2.529
2.555
2.562
2.500
2.547
2.470
2.488
2.458
2.430
2.503
2.448
2.466
2.499
2.414
2.454
2.417
2.429
2.442
2.419
2.459
2.529
2.480
2.502
2.480
2.428
2.461
2.361
2.343
2.390
2.336
2.312
2.294
2.373
2.299
2.348
2.346
2.359
2.259
2.327
2.348
2.294
2.333
2.330
2.292
2.316
2.323
2.289
2.280
2.187
2.252
2.325
2.298
2.253
2.313
2.403
2.342
2.427
2.398
2.399
2.407
2.412
2.302
2.317
2.334
2.250
2.372
2.352
2.215
2.218
2.268
2.281
2.365
2.365
2.337
2.328
2.426
2.357
2.347
2.325
2.382
2.363
2.375
2.366
2.363
2.310
2.257
2.246
2.233
2.201
2.172
2.179
2.208
2.142
2.154
2.150
2.155
2.127
2.059
2.065
2.103
2.070
2.053
2.027
1.986
1.943
1.920
1.954
1.951
1.986
1.996
2.001
2.095
2.089
2.091
2.130
2.169
2.171
2.196
2.124
2.111
2.187
2.102
2.162
2.206
2.178
2.173
2.161
2.115
2.112
2.184
2.178
2.061
2.101
2.078
2.081
2.139
2.103
2.104
2.137
2.106
2.171
2.136
2.236
2.235
2.187
2.210
2.183
2.204
2.143
2.130
2.130
2.131
2.116
2.057
2.062
2.122
2.022
2.088
2.048
2.038
2.025
2.001
1.972
2.004
2.017
1.920
1.937
1.923
1.877
1.892
1.906
1.910
1.820
1.800
1.926
1.837
1.807
1.792
1.825
1.780
1.737
1.760
1.765
1.748
1.718
1.645
1.594
1.619
1.592
1.604
1.449
1.434
1.374
1.411
1.473
1.503
1.517
1.592
1.524
1.574
1.575
1.602
1.581
1.531
1.527
1.513
1.578
1.569
1.606
1.524
1.529
1.643
1.550
1.575
1.623
1.579
1.534
1.522
1.620
1.598
1.633
1.687
1.664
1.662
1.607
1.579
1.505
1.587
1.605
1.568
1.607
1.661
1.644
1.644
1.596
1.642
1.712
1.693
1.724
1.670
1.668
1.766
1.701
1.726
1.714
1.644
1.709
1.651
1.676
1.682
1.606
1.612
1.537
1.533
1.574
1.633
1.620
1.641
1.737
1.671
1.652
1.662
1.673
1.723
1.672
1.771
1.762
1.786
1.749
1.722
1.757
1.735
1.754
1.742
1.709
1.667
1.644
1.635
1.634
1.618
1.637
1.538
1.584
1.641
1.566
1.621
1.555
1.570
1.518
1.629
1.593
1.588
1.666
1.617
1.639
1.620
1.653
1.656
1.693
1.672
1.662
1.605
1.684
1.727
1.702
1.634
1.579
1.622
1.714
1.669
1.649
1.640
1.673
1.631
1.675
1.775
1.595
1.629
1.693
1.708
1.764
1.795
1.774
1.853
1.782
1.736
1.820
1.800
1.767
1.760
1.766
1.800
1.724
1.806
1.767
1.740
1.820
1.832
1.818
1.815
1.787
1.762
1.847
1.786
1.842
1.684
1.742
1.799
1.733
1.716
1.737
1.702
1.755
1.772
1.723
1.722
1.726
1.749
1.778
1.744
1.763
1.688
1.633
1.570
1.537
1.532
1.535
1.578
1.560
1.535
1.587
1.660
1.666
1.618
1.595
1.604
1.588
1.655
1.581
1.582
1.634
1.724
1.691
1.629
1.568
1.561
1.535
1.612
1.489
1.497
1.592
1.504
1.524
1.537
1.569
1.552
1.590
1.589
1.538
1.552
1.527
1.506
1.461
1.653
1.576
1.566
1.632
1.641
1.641
1.554
1.596
1.644
1.528
1.576
1.617
1.679
1.631
1.596
1.579
1.620
1.611
1.607
1.578
1.618
1.599
1.610
1.632
1.623
1.709
1.628
1.657
1.662
1.596
1.660
1.719
1.687
1.663
1.777
1.719
1.713
1.690
1.727
1.730
1.786
1.857
1.726
1.777
1.862
1.953
1.855
1.937
1.921
1.916
1.919
1.813
1.941
1.825
1.832
1.927
1.842
1.820
1.866
1.740
1.686
1.845
1.863
1.862
1.828
1.884
1.879
1.915
1.829
1.748
1.755
1.782
1.820
1.793
1.814
1.879
1.775
1.857
1.772
1.717
1.781
1.798
1.839
1.860
1.903
1.881
1.948
1.960
1.933
1.940
1.871
1.875
1.873
1.863
1.858
1.845
1.826
1.905
1.917
1.911
1.926
1.848
1.963
1.939
1.984
2.015
1.951
2.015
1.992
1.967
1.962
1.998
1.913
1.967
2.054
2.010
1.929
1.990
2.004
1.943
1.933
1.936
1.893
1.813
1.742
1.774
1.791
1.727
1.768
1.865
1.762
1.804
1.800
1.762
1.785
1.844
1.874
1.839
1.824
1.792
1.735
1.753
1.789
1.719
1.694
1.740
1.685
1.713
1.760
1.658
1.674
1.735
1.650
1.731
1.685
1.633
1.655
1.693
1.704
1.720
1.728
1.748
1.784
1.742
1.699
1.806
1.739
1.695
1.709
1.747
1.617
1.683
1.667
1.650
1.668
1.673
1.635
1.641
1.698
1.685
1.683
1.617
1.669
1.720
1.642
1.639
1.556
1.570
1.540
1.560
1.585
1.606
1.523
1.600
1.657
1.660
1.563
1.604
1.640
1.665
1.661
1.580
1.582
1.613
1.582
1.561
1.544
1.493
1.514
1.520
1.492
1.546
1.556
1.515
1.525
1.542
1.605
1.535
1.563
1.594
1.677
1.735
1.681
1.754
1.773
1.764
1.729
1.732
1.855
1.814
1.805
1.980
1.884
1.882
1.887
1.960
1.972
2.034
2.063
2.039
1.959
2.011
1.973
1.910
2.017
1.998
1.892
1.876
1.914
1.870
1.895
1.893
1.941
1.986
2.004
1.939
2.071
1.983
2.091
2.072
2.068
2.073
1.971
2.010
1.969
1.913
1.968
1.956
1.981
2.040
1.997
2.002
2.005
1.965
1.946
2.062
1.973
1.910
1.895
1.937
1.870
1.931
1.828
1.892
1.908
1.879
1.875
1.889
1.927
1.906
1.798
1.844
1.920
1.838
1.778
1.873
1.839
1.799
1.813
1.810
1.778
1.875
1.877
1.756
1.792
1.887
1.833
1.838
1.842
1.872
1.938
1.980
1.908
1.915
1.969
1.954
2.047
2.002
1.984
2.069
2.001
2.038
2.039
2.008
2.001
1.947
1.901
1.861
1.912
1.860
1.815
1.891
1.850
1.893
1.901
1.915
1.909
1.966
1.947
1.968
2.016
2.024
2.026
1.964
1.993
1.945
1.984
2.046
2.010
2.045
2.013
1.970
2.000
2.058
2.058
2.029
2.174
2.116
2.032
2.027
2.015
1.993
1.999
2.067
2.072
2.047
2.083
2.087
2.102
2.075
2.117
2.078
2.091
2.060
2.047
1.974
1.979
1.904
1.965
1.966
1.956
1.905
1.907
1.888
1.906
1.838
1.839
1.901
1.896
1.939
1.962
1.949
1.941
1.954
1.987
1.978
2.054
2.011
1.967
2.021
2.032
2.077
2.047
2.003
2.004
2.015
1.955
1.953
1.928
1.885
1.837
1.784
1.869
1.815
1.769
1.800
1.776
1.763
1.717
1.672
1.685
1.676
1.622
1.665
1.666
1.594
1.640
1.630
1.623
1.627
1.608
1.622
1.593
1.607
1.680
1.683
1.614
1.661
1.695
1.620
1.664
1.722
1.743
1.731
1.777
1.795
1.804
1.685
1.825
1.817
1.786
1.781
1.854
1.815
1.835
1.842
1.946
1.960
1.925
1.897
1.942
1.821
1.789
1.790
1.901
1.869
1.765
1.792
1.819
1.789
1.857
1.775
1.770
1.774
1.665
1.692
1.601
1.556
1.543
1.527
1.492
1.572
1.552
1.466
1.485
1.355
1.360
1.318
1.304
1.379
1.294
1.368
1.296
1.244
1.309
1.292
1.340
1.364
1.279
1.270
1.317
1.344
1.254
1.279
1.255
